20.3161
1.64117
2.70616
4.35338
5.8917
7.11829
7.8445
8.03943
7.7958
7.2519
6.53985
5.76374
4.99533
4.27807
3.63403
3.07089
2.58744
2.17767
1.83336
1.54574
1.30633
1.10746
0.942392
0.805346
0.691455
0.596657
0.517582
0.45145
0.395974
0.349274
0.309806
0.276303
0.247722
0.223204
0.202043
0.183654
0.167556
0.153352
0.153461
0.146206
0.139101
0.132252
0.125742
0.119626
0.113942
0.108703
0.103909
0.0995446
0.0955851
0.091998
0.0887466
0.0857921
0.0830958
0.0806201
0.0783303
0.0761948
0.0741857
0.0722789
0.0704542
0.0686947
0.0669872
0.065321
0.0636884
0.0620837
0.0605034
0.0589453
0.0574088
0.0558942
0.0544027
0.052936
0.0514963
0.0500857
0.0487066
0.047361
0.0460508
0.0447774
0.043542
0.0423454
0.0411881
0.0400704
0.0389923
0.037954
0.0369555
0.0359974
0.0350802
0.0342049
0.0333728
0.0325859
0.0318463
0.0311566
0.0305196
0.0299383
0.0294159
0.0289555
0.0285601
0.0282325
0.0279749
0.0277895
0.0276777
0.0276403

1.71208
1.88715
2.8583
4.23144
5.67353
6.86535
7.58713
7.79773
7.58147
7.06961
6.38947
5.64245
4.89907
4.20252
3.5752
3.02528
2.55218
2.15043
1.81231
1.52946
1.29373
1.09769
0.934802
0.799447
0.686872
0.593099
0.514828
0.44933
0.394355
0.348056
0.30891
0.275667
0.247299
0.222957
0.201942
0.183678
0.167687
0.153577
0.153623
0.146397
0.139321
0.1325
0.126015
0.119924
0.114261
0.109041
0.104264
0.099913
0.0959644
0.0923856
0.0891399
0.0861886
0.0834932
0.0810163
0.0787232
0.0765826
0.0745667
0.0726516
0.0708173
0.0690471
0.0673278
0.0656491
0.0640033
0.0623849
0.0607904
0.0592181
0.0576672
0.0561383
0.0546326
0.0531521
0.051699
0.0502754
0.0488839
0.0475265
0.0462051
0.0449212
0.0436761
0.0424706
0.041305
0.0401798
0.039095
0.0380506
0.0370468
0.036084
0.0351627
0.034284
0.033449
0.0326597
0.0319181
0.0312268
0.0305885
0.0300062
0.0294831
0.0290222
0.0286265
0.0282986
0.0280409
0.0278554
0.0277436
0.0277062

3.86804
3.77623
3.87849
4.5193
5.49928
6.42577
7.02541
7.21273
7.0328
6.58676
5.98208
5.30856
4.63091
3.99016
3.40859
2.89535
2.4512
2.07209
1.75156
1.48232
1.25713
1.06924
0.912665
0.782215
0.67346
0.582675
0.506751
0.443105
0.389601
0.344476
0.306275
0.273799
0.246058
0.222236
0.201656
0.183761
0.168089
0.154258
0.154116
0.146978
0.139987
0.133248
0.126841
0.120821
0.115223
0.11006
0.105332
0.101022
0.0971061
0.093552
0.0903233
0.0873817
0.0846889
0.0822081
0.0799052
0.0777492
0.0757129
0.073773
0.0719098
0.0701073
0.0683528
0.0666363
0.0649507
0.0632911
0.0616542
0.0600389
0.0584447
0.0568728
0.0553246
0.0538025
0.0523088
0.0508462
0.0494172
0.0480242
0.0466692
0.0453539
0.0440795
0.0428469
0.0416565
0.0405087
0.0394035
0.038341
0.0373211
0.0363442
0.0354106
0.0345214
0.0336776
0.0328808
0.0321332
0.031437
0.030795
0.0302098
0.0296845
0.029222
0.0288252
0.0284966
0.0282384
0.0280527
0.0279406
0.0279032

6.27638
6.04999
5.67353
5.58792
5.85221
6.24025
6.51549
6.55636
6.35085
5.94918
5.42216
4.83636
4.24343
3.67805
3.16035
2.69956
2.29758
1.95193
1.65772
1.40908
1.19995
1.02458
0.877779
0.75496
0.652182
0.566094
0.493874
0.433164
0.382
0.33875
0.302062
0.270818
0.244089
0.221106
0.201232
0.183937
0.168784
0.155409
0.154956
0.147962
0.141113
0.134511
0.128232
0.122331
0.11684
0.111772
0.107124
0.102883
0.099021
0.0955079
0.0923073
0.0893816
0.086693
0.0842057
0.0818862
0.0797044
0.0776341
0.0756526
0.0737411
0.0718846
0.070071
0.0682913
0.0665391
0.0648103
0.0631025
0.061415
0.0597484
0.0581042
0.0564847
0.0548927
0.053331
0.0518029
0.0503111
0.0488583
0.0474469
0.0460787
0.044755
0.0434769
0.0422448
0.0410591
0.0399196
0.0388264
0.0377793
0.0367785
0.0358243
0.0349173
0.0340585
0.0332493
0.0324914
0.0317869
0.0311383
0.0305481
0.030019
0.0295538
0.029155
0.0288251
0.0285661
0.0283798
0.0282675
0.02823

8.21289
7.95972
7.38623
6.83664
6.49334
6.32016
6.18979
5.99718
5.69713
5.29418
4.81918
4.30984
3.79947
3.31255
2.86433
2.46247
2.10913
1.80286
1.54015
1.31652
1.12714
0.967348
0.832804
0.719644
0.624489
0.544431
0.476998
0.420104
0.371996
0.331208
0.296519
0.266907
0.241525
0.219666
0.20074
0.184256
0.169807
0.157053
0.156168
0.149375
0.142723
0.13631
0.13021
0.124473
0.119131
0.114194
0.10966
0.105512
0.101726
0.0982697
0.0951082
0.0922043
0.0895216
0.0870248
0.0846819
0.0824639
0.0803455
0.0783054
0.076326
0.0743933
0.0724965
0.0706277
0.0687817
0.0669553
0.0651473
0.0633581
0.0615891
0.059843
0.0581227
0.0564318
0.0547741
0.0531532
0.0515725
0.0500353
0.048544
0.0471008
0.0457074
0.0443648
0.0430735
0.0418338
0.0406457
0.0395089
0.0384231
0.0373883
0.0364046
0.0354722
0.0345918
0.0337646
0.0329918
0.0322754
0.0316172
0.0310196
0.0304849
0.0300156
0.0296138
0.0292818
0.0290215
0.0288344
0.0287217
0.028684

9.24834
9.00677
8.3939
7.64905
6.96567
6.4105
5.95538
5.54283
5.12906
4.69612
4.24653
3.79335
3.35199
2.93549
2.55278
2.20857
1.90421
1.63857
1.40905
1.21222
1.04434
0.90172
0.780858
0.678593
0.592118
0.518989
0.4571
0.404658
0.360141
0.322266
0.289954
0.262298
0.23854
0.218042
0.200272
0.184782
0.171201
0.164344
0.157785
0.151247
0.144846
0.138674
0.132801
0.127274
0.12212
0.11735
0.11296
0.108932
0.105242
0.101858
0.0987465
0.0958705
0.0931947
0.0906857
0.0883123
0.0860473
0.0838667
0.0817509
0.0796836
0.0776523
0.0756477
0.0736634
0.0716956
0.0697425
0.0678045
0.0658831
0.0639812
0.0621025
0.0602511
0.0584318
0.056649
0.0549073
0.0532109
0.0515634
0.0499679
0.0484271
0.0469426
0.0455156
0.044147
0.0428368
0.0415849
0.0403909
0.0392544
0.0381749
0.0371522
0.0361862
0.0352773
0.0344261
0.0336335
0.032901
0.0322299
0.0316222
0.0310798
0.0306047
0.0301987
0.0298638
0.0296015
0.0294131
0.0292997
0.0292618

9.35107
9.14065
8.57758
7.82161
7.0328
6.30864
5.67764
5.12671
4.63078
4.1699
3.73408
3.32137
2.9342
2.57616
2.25016
1.95762
1.69843
1.47123
1.27378
1.10335
0.957011
0.83185
0.725094
0.6342
0.556887
0.491145
0.435225
0.387619
0.347036
0.312377
0.282711
0.257249
0.235324
0.216376
0.19993
0.185588
0.173016
0.166097
0.159845
0.153616
0.147517
0.141636
0.136036
0.130761
0.125835
0.121267
0.117051
0.113168
0.109594
0.106298
0.103246
0.100403
0.0977354
0.0952108
0.0928
0.0904771
0.0882201
0.086011
0.0838355
0.0816827
0.0795453
0.0774185
0.0753004
0.0731911
0.0710923
0.0690076
0.0669412
0.0648983
0.0628846
0.060906
0.0589682
0.0570768
0.0552367
0.0534523
0.0517275
0.0500651
0.0484673
0.0469355
0.0454704
0.0440722
0.0427407
0.0414752
0.040275
0.0391394
0.0380677
0.0370594
0.0361144
0.0352328
0.0344149
0.0336616
0.0329739
0.0323531
0.0318005
0.0313176
0.030906
0.030567
0.0303019
0.0301118
0.0299973
0.0299592

8.76861
8.5965
8.12224
7.45044
6.70011
5.96332
5.28967
4.69318
4.16796
3.70164
3.28289
2.90399
2.56049
2.25006
1.97124
1.72272
1.50294
1.31001
1.14175
0.99581
0.869802
0.761385
0.668352
0.588669
0.520501
0.462219
0.412389
0.369768
0.33328
0.302
0.275139
0.252022
0.232075
0.214813
0.19982
0.186748
0.175301
0.168282
0.162387
0.156517
0.15077
0.145227
0.139945
0.134964
0.130305
0.125972
0.121957
0.118243
0.114805
0.111611
0.108629
0.105825
0.103166
0.100623
0.0981676
0.0957759
0.0934282
0.0911082
0.0888039
0.0865066
0.0842108
0.0819142
0.0796167
0.0773206
0.0750298
0.0727496
0.0704863
0.0682468
0.0660386
0.063869
0.0617452
0.0596739
0.0576611
0.0557123
0.0538318
0.0520231
0.0502887
0.0486303
0.0470488
0.0455443
0.0441164
0.0427642
0.0414868
0.0402829
0.0391515
0.0380914
0.0371021
0.0361829
0.0353337
0.0345546
0.033846
0.0332085
0.0326428
0.03215
0.0317309
0.0313865
0.0311176
0.030925
0.0308092
0.0307706

7.80247
7.66767
7.28951
6.73578
6.09027
5.42725
4.79722
4.2256
3.71913
3.27414
2.88303
2.53805
2.23272
1.96209
1.72239
1.51062
1.32419
1.16074
1.01801
0.89386
0.786231
0.693187
0.612936
0.543839
0.484419
0.433358
0.389495
0.351811
0.319421
0.291558
0.267562
0.246865
0.22898
0.21349
0.200042
0.188331
0.178101
0.170937
0.165449
0.159986
0.154639
0.149479
0.144559
0.139911
0.135553
0.131487
0.127703
0.124181
0.120896
0.117819
0.114916
0.112156
0.109508
0.106943
0.104436
0.101964
0.0995114
0.0970631
0.0946094
0.0921442
0.0896644
0.0871702
0.0846638
0.08215
0.0796351
0.0771266
0.0746331
0.0721638
0.0697279
0.0673345
0.0649926
0.0627103
0.0604949
0.0583528
0.0562893
0.0543084
0.0524132
0.0506057
0.0488868
0.0472567
0.0457147
0.0442599
0.0428907
0.0416056
0.0404029
0.039281
0.0382385
0.0372741
0.0363869
0.0355764
0.0348421
0.034184
0.033602
0.0330966
0.0326679
0.0323165
0.0320427
0.0318468
0.0317292
0.0316899

6.69538
6.59292
6.302
5.86638
5.34323
4.7879
4.24343
3.73679
3.28064
2.87759
2.52458
2.21623
1.94676
1.71094
1.50435
1.32335
1.16487
1.02631
0.905398
0.800104
0.708601
0.629236
0.560515
0.501095
0.449774
0.405484
0.367281
0.334336
0.305925
0.281417
0.260266
0.241997
0.226203
0.212532
0.200684
0.190399
0.179058
0.174098
0.169063
0.164054
0.159151
0.154418
0.1499
0.145623
0.141601
0.137832
0.134304
0.130996
0.127883
0.124936
0.122122
0.119412
0.116775
0.114185
0.111619
0.109058
0.106486
0.103891
0.101268
0.0986117
0.0959222
0.0932024
0.0904574
0.0876947
0.0849232
0.0821531
0.0793957
0.0766625
0.0739649
0.0713143
0.0687214
0.0661961
0.0637471
0.061382
0.0591071
0.0569273
0.0548461
0.0528659
0.0509877
0.0492118
0.0475373
0.0459629
0.0444868
0.0431068
0.0418207
0.040626
0.0395208
0.0385029
0.0375706
0.0367225
0.0359573
0.0352742
0.0346723
0.0341513
0.0337107
0.0333504
0.0330703
0.0328702
0.0327501
0.0327101

5.60531
5.52898
5.31038
4.97769
4.56924
4.12452
3.67707
3.2508
2.85972
2.50974
2.20129
1.9317
1.69692
1.49266
1.31486
1.16001
1.02506
0.907448
0.804976
0.715756
0.638142
0.570694
0.512141
0.461359
0.417358
0.379262
0.346301
0.317798
0.29316
0.271871
0.25348
0.237597
0.223881
0.212039
0.201818
0.193
0.182263
0.177789
0.173253
0.168741
0.164326
0.16006
0.155982
0.152112
0.148458
0.145015
0.141768
0.138696
0.135773
0.132968
0.130253
0.127597
0.124973
0.122356
0.119725
0.117064
0.114359
0.111602
0.108789
0.105918
0.102994
0.100021
0.0970076
0.0939646
0.090904
0.087839
0.0847835
0.0817519
0.0787583
0.0758164
0.072939
0.070138
0.0674237
0.0648052
0.0622899
0.0598835
0.0575903
0.055413
0.0533529
0.0514102
0.049584
0.0478725
0.0462735
0.0447843
0.0434018
0.042123
0.040945
0.0398647
0.0388797
0.0379873
0.0371857
0.0364727
0.035847
0.0353071
0.034852
0.0344807
0.0341926
0.0339872
0.0338641
0.0338231

4.6172
4.56105
4.39919
4.14979
3.83831
3.49223
3.1364
2.79019
2.46649
2.17234
1.91021
1.67954
1.47809
1.30282
1.15056
1.01831
0.903405
0.803502
0.716607
0.64101
0.575247
0.518054
0.468336
0.425144
0.387646
0.355118
0.326924
0.302508
0.281386
0.263132
0.247378
0.2338
0.222118
0.212088
0.203499
0.18977
0.18597
0.182027
0.178031
0.174059
0.170171
0.166411
0.162809
0.159379
0.156123
0.153033
0.150091
0.147275
0.144558
0.14191
0.139302
0.136707
0.134097
0.13145
0.128749
0.125978
0.123127
0.120192
0.11717
0.114064
0.110879
0.107626
0.104316
0.100962
0.0975801
0.0941868
0.0907993
0.0874351
0.084111
0.0808435
0.077648
0.0745382
0.0715267
0.0686239
0.0658386
0.0631776
0.0606458
0.0582465
0.0559813
0.0538503
0.0518525
0.0499859
0.0482475
0.0466341
0.045142
0.0437671
0.0425057
0.0413539
0.0403079
0.0393644
0.0385201
0.0377723
0.0371184
0.0365561
0.0360835
0.035699
0.0354014
0.0351895
0.0350626
0.0350204

3.7653
3.72428
3.60544
3.42053
3.18641
2.92193
2.64497
2.37042
2.10913
1.86789
1.65006
1.45646
1.2862
1.13747
1.00802
0.895564
0.797919
0.713121
0.639449
0.575414
0.519736
0.471319
0.429221
0.392632
0.360849
0.333266
0.309354
0.288654
0.270765
0.255339
0.242072
0.230697
0.220983
0.212729
0.205761
0.193435
0.190183
0.186811
0.183397
0.180004
0.176681
0.173463
0.17037
0.16741
0.164581
0.161869
0.159255
0.156714
0.154219
0.15174
0.149249
0.146719
0.144126
0.141449
0.138672
0.135784
0.132776
0.129647
0.126398
0.123035
0.119568
0.116009
0.112373
0.108678
0.104944
0.10119
0.0974375
0.0937069
0.0900184
0.0863916
0.0828443
0.0793931
0.0760523
0.0728344
0.0697495
0.0668056
0.0640086
0.0613622
0.0588684
0.0565273
0.0543378
0.0522975
0.050403
0.0486503
0.0470348
0.0455517
0.044196
0.042963
0.0418477
0.0408457
0.0399526
0.0391645
0.0384779
0.0378894
0.0373963
0.0369962
0.0366871
0.0364674
0.0363361
0.0362924

3.05371
3.02384
2.93693
2.80063
2.62611
2.42621
2.2136
1.99936
1.79211
1.59782
1.41997
1.26007
1.11816
0.993349
0.884226
0.789163
0.70651
0.634706
0.572339
0.518161
0.471086
0.430179
0.394636
0.363767
0.336978
0.313758
0.293664
0.276315
0.261378
0.248564
0.237624
0.228338
0.220515
0.21399
0.200044
0.197551
0.194888
0.192127
0.189333
0.186556
0.183833
0.181189
0.178636
0.176176
0.173798
0.171488
0.169223
0.166975
0.164718
0.16242
0.160055
0.157597
0.155024
0.152316
0.14946
0.146447
0.143272
0.139936
0.136444
0.132806
0.129033
0.125144
0.121157
0.117094
0.112977
0.108832
0.104682
0.100552
0.0964668
0.0924478
0.0885163
0.0846916
0.0809903
0.0774268
0.0740131
0.0707585
0.0676698
0.0647514
0.0620056
0.0594328
0.0570316
0.0547992
0.0527317
0.0508243
0.0490717
0.047468
0.0460072
0.0446832
0.0434901
0.0424221
0.0414738
0.04064
0.0399159
0.0392974
0.0387807
0.0383624
0.03804
0.0378112
0.0376745
0.0376291

2.47121
2.44945
2.38595
2.28571
2.15615
2.00601
1.84418
1.67875
1.51636
1.36193
1.21867
1.08833
0.971461
0.867823
0.776634
0.696831
0.627237
0.566675
0.514036
0.468312
0.42861
0.394148
0.364252
0.338339
0.315907
0.296526
0.279826
0.265487
0.253233
0.242824
0.234052
0.226738
0.220725
0.215876
0.203992
0.202093
0.200058
0.197946
0.195807
0.193679
0.191588
0.189548
0.187563
0.185627
0.183726
0.181839
0.179941
0.178004
0.175998
0.173894
0.171664
0.169285
0.166734
0.163996
0.161059
0.157916
0.154565
0.151011
0.147262
0.143331
0.139235
0.134993
0.130631
0.126173
0.121647
0.117081
0.112505
0.107946
0.103432
0.0989897
0.094643
0.0904141
0.0863223
0.0823842
0.0786136
0.0750213
0.0716152
0.0684006
0.0653801
0.0625543
0.0599217
0.0574792
0.0552222
0.0531452
0.0512419
0.0495053
0.0479285
0.046504
0.0452246
0.0440833
0.0430732
0.0421881
0.041422
0.0407696
0.0402259
0.039787
0.0394492
0.03921
0.0390672
0.0390198

2.00038
1.9845
1.93805
1.86431
1.76825
1.65582
1.53324
1.40635
1.28016
1.15857
1.04434
0.939195
0.843932
0.758691
0.683138
0.616639
0.558405
0.50759
0.463359
0.424926
0.391576
0.362673
0.337659
0.31605
0.297427
0.281429
0.267745
0.25611
0.246292
0.238093
0.231341
0.225887
0.221603
0.209395
0.208285
0.207018
0.205648
0.204221
0.20277
0.201321
0.19989
0.19848
0.197087
0.195698
0.194294
0.192849
0.191336
0.189724
0.187983
0.186084
0.183999
0.181704
0.179181
0.176415
0.173395
0.170119
0.166586
0.162806
0.158788
0.15455
0.150112
0.145501
0.140742
0.135866
0.130906
0.125895
0.120864
0.115848
0.110878
0.105984
0.101193
0.0965317
0.0920214
0.0876815
0.0835276
0.0795722
0.0758245
0.0722907
0.0689739
0.065875
0.0629923
0.0603223
0.0578599
0.0555989
0.0535318
0.0516508
0.0499474
0.048413
0.0470391
0.0458172
0.0447393
0.0437975
0.0429848
0.0422945
0.0417208
0.0412586
0.0409037
0.0406526
0.0405029
0.0404532

1.62267
1.61106
1.57698
1.52264
1.45137
1.36726
1.27464
1.1777
1.08016
0.985066
0.89469
0.810567
0.733574
0.664057
0.601963
0.546966
0.498572
0.456204
0.419255
0.387132
0.359281
0.335195
0.314423
0.296569
0.281288
0.268279
0.257285
0.248083
0.240483
0.234319
0.22945
0.225752
0.213679
0.21335
0.212866
0.212271
0.211602
0.210889
0.210155
0.209413
0.208665
0.207907
0.207127
0.206304
0.205414
0.204428
0.203315
0.202042
0.200578
0.198894
0.196962
0.19476
0.192269
0.189477
0.186376
0.182965
0.179247
0.175232
0.170937
0.166381
0.16159
0.156591
0.151419
0.146107
0.140692
0.135212
0.129705
0.124207
0.118756
0.113384
0.108125
0.103005
0.0980514
0.0932849
0.0887237
0.0843822
0.0802707
0.0763967
0.0727638
0.069373
0.0662229
0.0633094
0.060627
0.0581685
0.0559255
0.053889
0.0520492
0.0503962
0.04892
0.0476108
0.046459
0.0454555
0.0445917
0.04386
0.0432533
0.0427654
0.0423915
0.0421273
0.0419699
0.0419177

1.3209
1.31236
1.28728
1.24713
1.19416
1.1312
1.06126
0.987361
0.91224
0.838221
0.767128
0.700273
0.638494
0.582225
0.531581
0.48644
0.446523
0.411453
0.38081
0.35416
0.331085
0.311192
0.294125
0.279564
0.267229
0.256875
0.248289
0.241288
0.235714
0.231432
0.228324
0.22629
0.217208
0.21749
0.217672
0.217783
0.217845
0.217876
0.217883
0.217868
0.217824
0.217736
0.217585
0.217344
0.216982
0.216468
0.215766
0.214844
0.213668
0.212209
0.210438
0.208336
0.205883
0.203069
0.199888
0.196342
0.192437
0.188185
0.183607
0.178725
0.17357
0.168175
0.162575
0.156812
0.150926
0.14496
0.138957
0.132958
0.127005
0.121135
0.115384
0.109785
0.104366
0.099152
0.0941627
0.0894148
0.0849202
0.0806874
0.0767208
0.0730218
0.0695888
0.0664176
0.063502
0.060834
0.0584042
0.0562023
0.0542172
0.0524378
0.0508523
0.0494496
0.0482185
0.0471486
0.0462299
0.0454533
0.0448107
0.0442951
0.0439003
0.0436218
0.0434561
0.0434011

1.08016
1.07387
1.05533
1.02557
0.986111
0.938907
0.886088
0.829808
0.77208
0.714662
0.65899
0.606148
0.556887
0.511655
0.470653
0.433887
0.401223
0.372436
0.347244
0.325344
0.306427
0.290197
0.276379
0.264721
0.254999
0.247016
0.240599
0.235599
0.231888
0.229353
0.227901
0.219803
0.220809
0.221745
0.222629
0.223476
0.224297
0.225092
0.22586
0.226589
0.227263
0.227859
0.228348
0.228699
0.228876
0.228843
0.228563
0.228001
0.227121
0.225894
0.224293
0.222296
0.219887
0.217056
0.2138
0.210121
0.206029
0.20154
0.196676
0.191466
0.185942
0.180141
0.174107
0.167882
0.161513
0.155049
0.148535
0.142021
0.13555
0.129165
0.122907
0.116811
0.11091
0.105231
0.0997969
0.0946262
0.0897326
0.0851256
0.0808108
0.0767897
0.073061
0.0696201
0.0664601
0.0635724
0.0609464
0.0585707
0.0564329
0.0545201
0.0528194
0.0513178
0.0500028
0.0488624
0.0478852
0.0470609
0.04638
0.0458346
0.0454176
0.0451237
0.044949
0.044891

0.888069
0.883408
0.869663
0.84752
0.81805
0.782601
0.742679
0.699832
0.655535
0.611113
0.567679
0.526113
0.487058
0.450938
0.417986
0.388282
0.36179
0.338386
0.317897
0.300116
0.284824
0.271803
0.260845
0.251758
0.244366
0.238514
0.234063
0.230894
0.228904
0.228004
0.221107
0.222771
0.224411
0.226038
0.227655
0.229265
0.230864
0.232441
0.233983
0.235467
0.236868
0.238154
0.23929
0.240239
0.240961
0.241415
0.241563
0.241366
0.24079
0.239802
0.238376
0.236491
0.234132
0.23129
0.227962
0.224155
0.21988
0.215156
0.210008
0.204468
0.198574
0.192367
0.185893
0.179202
0.172345
0.165374
0.158343
0.151303
0.144305
0.137395
0.130618
0.124014
0.117618
0.111462
0.105571
0.0999652
0.0946607
0.0896682
0.084994
0.0806404
0.076606
0.0728861
0.0694732
0.0663578
0.0635284
0.0609723
0.0586756
0.0566241
0.0548033
0.0531986
0.0517959
0.0505817
0.0495432
0.0486687
0.0479476
0.0473707
0.0469302
0.0466201
0.0464358
0.0463747

0.734554
0.731089
0.720858
0.704336
0.682267
0.655598
0.625398
0.592782
0.558833
0.524544
0.490776
0.458228
0.42744
0.398789
0.372513
0.348728
0.327458
0.30865
0.292206
0.277993
0.265861
0.255657
0.247227
0.240428
0.235125
0.231198
0.228541
0.227059
0.226671
0.221114
0.223351
0.225628
0.227942
0.230291
0.232667
0.235058
0.237449
0.239818
0.24214
0.244383
0.246513
0.248491
0.250275
0.251823
0.253091
0.254035
0.254613
0.254785
0.254515
0.25377
0.252525
0.250758
0.248454
0.245606
0.242214
0.238284
0.233831
0.228876
0.223449
0.217585
0.211323
0.204712
0.197801
0.190644
0.183299
0.175821
0.16827
0.160702
0.153172
0.145732
0.138431
0.131313
0.124417
0.117777
0.111422
0.105374
0.0996516
0.0942665
0.0892261
0.0845332
0.0801867
0.0761816
0.0725101
0.0691617
0.066124
0.0633828
0.0609232
0.0587292
0.0567849
0.055074
0.0535809
0.0522906
0.0511887
0.0502622
0.0494994
0.0488898
0.0484249
0.0480979
0.0479036
0.0478392

0.611554
0.60897
0.601332
0.58897
0.572409
0.552315
0.529456
0.504636
0.478653
0.452252
0.426093
0.400731
0.376607
0.354048
0.33328
0.314432
0.29756
0.282662
0.269689
0.258563
0.249189
0.241461
0.235271
0.230515
0.227094
0.224919
0.223908
0.223991
0.219837
0.222552
0.22538
0.22831
0.23133
0.234425
0.237577
0.24076
0.24395
0.247113
0.250214
0.253214
0.256069
0.258734
0.261162
0.263305
0.265115
0.266545
0.267551
0.268091
0.268625
0.268146
0.26697
0.265079
0.262679
0.259831
0.256381
0.252335
0.247713
0.242536
0.236838
0.230656
0.224035
0.217027
0.209686
0.20207
0.194242
0.186263
0.178196
0.170104
0.162045
0.154078
0.146254
0.138622
0.131225
0.124101
0.117281
0.110789
0.104647
0.098867
0.0934581
0.0884235
0.0837624
0.0794697
0.0755371
0.0719533
0.0687049
0.0657766
0.063152
0.0608137
0.058744
0.0569254
0.0553405
0.0539726
0.0528062
0.0518267
0.0510211
0.0503782
0.0498883
0.0495439
0.0493395
0.0492717

0.512676
0.510744
0.505027
0.495761
0.483314
0.468163
0.45086
0.43199
0.412143
0.391879
0.371703
0.352052
0.333285
0.315679
0.299437
0.284691
0.271513
0.259931
0.249931
0.241475
0.234507
0.228959
0.22476
0.221837
0.220121
0.219548
0.214423
0.217308
0.2204
0.223684
0.227143
0.230759
0.234508
0.238364
0.242299
0.246278
0.250264
0.254215
0.258088
0.261833
0.265403
0.268744
0.271804
0.274531
0.278006
0.280571
0.282542
0.283853
0.284449
0.284284
0.283325
0.281551
0.278957
0.275551
0.271357
0.26641
0.261349
0.25596
0.250002
0.243515
0.236547
0.229155
0.221395
0.213333
0.205034
0.196565
0.187993
0.179387
0.17081
0.162323
0.153985
0.145847
0.137957
0.130354
0.123073
0.116143
0.109584
0.103412
0.0976375
0.0922635
0.0872896
0.0827107
0.0785181
0.0746999
0.0712415
0.0681265
0.0653372
0.0628547
0.0606598
0.0587334
0.0570565
0.055611
0.0543797
0.053347
0.0524986
0.0518221
0.051307
0.0509451
0.0507304
0.0506592

0.43287
0.431424
0.427141
0.420188
0.410829
0.399409
0.386324
0.372007
0.356893
0.341406
0.325933
0.310817
0.296349
0.282762
0.270232
0.258885
0.248803
0.240028
0.232572
0.226425
0.221558
0.217935
0.21551
0.214239
0.214075
0.210498
0.213574
0.216942
0.220583
0.224477
0.228598
0.23292
0.23741
0.242033
0.246749
0.251516
0.256288
0.261013
0.265641
0.270115
0.274381
0.27838
0.283551
0.287876
0.291697
0.294928
0.297487
0.299302
0.300309
0.300457
0.299711
0.298049
0.295465
0.291971
0.287593
0.282375
0.276372
0.269653
0.262767
0.25599
0.248692
0.240931
0.232772
0.224281
0.215529
0.206587
0.197529
0.188426
0.179347
0.170358
0.16152
0.15289
0.144519
0.13645
0.128721
0.121362
0.114397
0.107842
0.10171
0.0960031
0.0907228
0.0858634
0.0814158
0.0773674
0.0737028
0.0704045
0.0674533
0.064829
0.0625109
0.0604783
0.0587108
0.0571887
0.0558935
0.0548082
0.0539174
0.0532076
0.0526676
0.0522884
0.0520635
0.051989

0.368163
0.36708
0.363872
0.358658
0.351629
0.343034
0.333166
0.322342
0.310888
0.299125
0.287352
0.27584
0.264821
0.25449
0.245001
0.23647
0.22898
0.222581
0.217302
0.213151
0.210123
0.208202
0.207366
0.207589
0.205522
0.208698
0.212245
0.216145
0.220374
0.224906
0.229708
0.234744
0.239976
0.24536
0.250847
0.256386
0.261923
0.2674
0.272758
0.277937
0.283973
0.289916
0.295498
0.300617
0.305174
0.309071
0.312218
0.314534
0.315949
0.316407
0.315869
0.314312
0.311732
0.308141
0.303572
0.298074
0.291709
0.284556
0.276702
0.268244
0.260301
0.252194
0.243656
0.23476
0.225579
0.216189
0.206669
0.197093
0.187535
0.178066
0.168751
0.159651
0.15082
0.142304
0.134144
0.126374
0.119018
0.112095
0.105618
0.099591
0.0940152
0.0888853
0.0841917
0.0799212
0.0760576
0.0725821
0.0694745
0.0667131
0.0642758
0.0621405
0.0602852
0.0586889
0.0573318
0.0561955
0.0552635
0.0545215
0.0539573
0.0535612
0.0533264
0.0532486

0.315427
0.314618
0.31222
0.30832
0.303057
0.296614
0.289207
0.281073
0.272457
0.263605
0.254748
0.2461
0.237851
0.230161
0.223164
0.216966
0.211646
0.20726
0.203846
0.201427
0.200012
0.199603
0.196817
0.199562
0.20276
0.2064
0.210464
0.214931
0.219771
0.224954
0.230441
0.23619
0.242153
0.24828
0.254515
0.2608
0.267074
0.273272
0.279329
0.286681
0.29378
0.300592
0.307006
0.31291
0.318191
0.322744
0.32647
0.329278
0.331093
0.331853
0.331517
0.330059
0.327476
0.323784
0.31902
0.313238
0.306511
0.298925
0.290576
0.281573
0.272025
0.262782
0.253893
0.244619
0.235038
0.22523
0.215277
0.205259
0.195253
0.185334
0.175572
0.166029
0.156765
0.147828
0.139263
0.131104
0.123379
0.116108
0.109305
0.102975
0.0971202
0.0917342
0.0868076
0.0823266
0.0782743
0.0746309
0.071375
0.0684836
0.0659333
0.0637004
0.0617619
0.0600952
0.0586792
0.0574945
0.0565234
0.0557507
0.0551634
0.0547513
0.0545071
0.0544262

0.272201
0.271599
0.269814
0.266912
0.262995
0.258199
0.252684
0.246629
0.240222
0.233651
0.227098
0.220734
0.214712
0.209168
0.204217
0.199954
0.196455
0.193778
0.191967
0.191055
0.187905
0.19005
0.192701
0.195857
0.199513
0.203655
0.208265
0.213316
0.218777
0.224611
0.230774
0.237218
0.24389
0.250732
0.257683
0.264679
0.271651
0.278531
0.286837
0.295001
0.30297
0.310625
0.317845
0.324507
0.330491
0.335679
0.339964
0.343248
0.345448
0.346499
0.346354
0.344988
0.342398
0.338604
0.333646
0.327586
0.320504
0.312494
0.303665
0.294132
0.284019
0.273448
0.263331
0.253712
0.243765
0.233575
0.223225
0.212801
0.202384
0.192051
0.181876
0.171926
0.162262
0.152938
0.143998
0.13548
0.127414
0.119821
0.112716
0.106106
0.0999918
0.0943684
0.0892258
0.0845497
0.0803225
0.0765234
0.0731299
0.0701179
0.0674628
0.0651395
0.0631237
0.0613917
0.0599211
0.0586915
0.0576841
0.0568829
0.0562743
0.0558474
0.0555944
0.0555106

0.236539
0.236095
0.234779
0.232639
0.229753
0.226222
0.222169
0.217729
0.213048
0.208272
0.203546
0.199008
0.194784
0.190988
0.187722
0.185069
0.183103
0.181883
0.179058
0.180527
0.182515
0.185038
0.188104
0.191712
0.195855
0.200521
0.205686
0.211323
0.217397
0.223867
0.230683
0.237794
0.245141
0.25266
0.260286
0.267947
0.275572
0.284443
0.293538
0.302543
0.311337
0.319792
0.327777
0.33516
0.341809
0.3476
0.352415
0.356149
0.358713
0.360037
0.360071
0.358789
0.35619
0.352296
0.347152
0.340826
0.333405
0.324995
0.31571
0.305678
0.295031
0.283902
0.272423
0.261903
0.251628
0.241095
0.230391
0.219602
0.208815
0.198111
0.187565
0.177249
0.167226
0.157552
0.148274
0.139432
0.131058
0.123175
0.115798
0.108934
0.102586
0.0967483
0.0914106
0.0865583
0.082173
0.0782333
0.0747156
0.0715948
0.068845
0.0664402
0.0643547
0.0625638
0.061044
0.0597739
0.0587338
0.057907
0.0572791
0.0568388
0.0565779
0.0564915

0.206904
0.206581
0.205624
0.204071
0.201979
0.199426
0.196507
0.193328
0.190002
0.186646
0.183375
0.180304
0.177537
0.175173
0.173299
0.170006
0.170365
0.17118
0.172486
0.174316
0.176692
0.17963
0.183139
0.187218
0.191861
0.197052
0.202767
0.208976
0.215641
0.222716
0.230151
0.237888
0.245864
0.254013
0.262262
0.270537
0.279595
0.289453
0.299335
0.30912
0.318679
0.327876
0.33657
0.34462
0.351886
0.358234
0.363539
0.367688
0.370588
0.372163
0.372361
0.371156
0.368547
0.364558
0.359242
0.35267
0.344939
0.336159
0.326458
0.315969
0.304835
0.293197
0.281197
0.268968
0.258506
0.247674
0.23666
0.225555
0.214446
0.203417
0.192548
0.181912
0.171575
0.161595
0.152022
0.142897
0.134254
0.126116
0.118501
0.111416
0.104863
0.0988373
0.0933289
0.0883225
0.0837991
0.0797365
0.0761104
0.0728946
0.0700623
0.0675865
0.0654403
0.0635982
0.0620356
0.0607303
0.0596619
0.0588128
0.0581682
0.0577163
0.0574486
0.0573599

0.182072
0.181842
0.181163
0.180063
0.178587
0.176796
0.174764
0.172574
0.170319
0.168091
0.165987
0.164101
0.162336
0.161893
0.161776
0.162039
0.162732
0.163898
0.165576
0.167797
0.170584
0.173954
0.177915
0.182466
0.187601
0.193302
0.199544
0.206295
0.213515
0.221155
0.229161
0.237473
0.246024
0.254744
0.263558
0.272388
0.282908
0.293477
0.304069
0.314558
0.324806
0.33467
0.344002
0.352653
0.360473
0.367321
0.373065
0.377586
0.380786
0.382585
0.382929
0.381792
0.379174
0.375103
0.369633
0.362845
0.354839
0.345735
0.335667
0.324778
0.313218
0.301136
0.28868
0.275992
0.264291
0.253208
0.241934
0.230563
0.219183
0.207882
0.196742
0.185837
0.175237
0.165
0.155179
0.145817
0.136947
0.128596
0.120781
0.11351
0.106785
0.100603
0.0949512
0.0898158
0.0851769
0.0810117
0.0772951
0.0740002
0.0710993
0.0685644
0.0663679
0.0644833
0.0628854
0.061551
0.0604593
0.0595919
0.0589335
0.0584721
0.0581988
0.0581083

0.161066
0.16091
0.160446
0.159699
0.158704
0.157509
0.156175
0.156911
0.155942
0.155024
0.154215
0.153572
0.153157
0.153027
0.15324
0.153847
0.154898
0.156437
0.158502
0.161124
0.164326
0.168124
0.172527
0.177534
0.183137
0.189317
0.196049
0.203299
0.211025
0.219176
0.227697
0.236523
0.245587
0.254814
0.264128
0.273446
0.285195
0.296384
0.307596
0.318697
0.329544
0.339988
0.349874
0.359043
0.367342
0.374622
0.380745
0.385587
0.389045
0.391037
0.391508
0.390431
0.387807
0.383667
0.378071
0.371102
0.362867
0.353493
0.343121
0.3319
0.319988
0.307539
0.294709
0.281643
0.268891
0.257609
0.246128
0.234545
0.22295
0.211433
0.200078
0.18896
0.17815
0.16771
0.157693
0.148142
0.139094
0.130574
0.122601
0.115183
0.108323
0.102016
0.0962523
0.0910157
0.0862863
0.0820408
0.0782536
0.0748972
0.071943
0.0693624
0.0671272
0.06521
0.063585
0.0622284
0.0611188
0.0602375
0.0595687
0.0591001
0.0588226
0.0587307

0.149759
0.149671
0.149412
0.148996
0.148443
0.147784
0.147054
0.146298
0.145564
0.144903
0.144372
0.144027
0.143925
0.144124
0.144678
0.145639
0.147055
0.148969
0.151417
0.154431
0.158033
0.16224
0.167059
0.172489
0.17852
0.185136
0.192308
0.200003
0.208176
0.216776
0.225745
0.235018
0.244525
0.254189
0.263931
0.274795
0.286358
0.298066
0.309794
0.321403
0.332747
0.34367
0.354011
0.363608
0.3723
0.379934
0.386366
0.39147
0.395139
0.39729
0.397866
0.396841
0.394217
0.390028
0.384335
0.377229
0.36882
0.359241
0.348637
0.337164
0.324984
0.312258
0.299144
0.285793
0.272347
0.260805
0.249174
0.237436
0.225685
0.214011
0.202499
0.191226
0.180266
0.169679
0.15952
0.149834
0.140657
0.132016
0.12393
0.116407
0.109451
0.103056
0.0972126
0.0919045
0.0871115
0.08281
0.0789737
0.0755746
0.0725838
0.0699721
0.0677105
0.0657713
0.0641282
0.0627569
0.0616355
0.0607451
0.0600696
0.0595963
0.0593161
0.0592233

0.138462
0.138392
0.138187
0.13786
0.137431
0.136927
0.136384
0.135842
0.135347
0.134948
0.134699
0.134654
0.134867
0.135393
0.136285
0.137593
0.139362
0.141635
0.144447
0.147828
0.151801
0.15638
0.161574
0.167381
0.173792
0.180787
0.18834
0.196415
0.204968
0.213947
0.223293
0.232939
0.242814
0.252839
0.262935
0.274353
0.286324
0.298438
0.310568
0.322572
0.334299
0.345589
0.356279
0.366201
0.375192
0.383094
0.389761
0.395063
0.398893
0.401165
0.401824
0.400843
0.398226
0.394009
0.388258
0.381063
0.372542
0.362829
0.352074
0.340437
0.328083
0.315178
0.301881
0.288347
0.274719
0.262747
0.251021
0.239188
0.227341
0.215571
0.203964
0.192599
0.181547
0.170873
0.160629
0.150863
0.141611
0.132899
0.124746
0.117163
0.110151
0.103707
0.0978182
0.0924701
0.087642
0.0833098
0.0794471
0.0760254
0.0730156
0.0703879
0.0681132
0.0661633
0.0645116
0.0631335
0.0620069
0.0611125
0.060434
0.0599588
0.0596774
0.0595842

0.127574
0.127523
0.127372
0.127133
0.126825
0.126475
0.126114
0.125782
0.125521
0.125379
0.125404
0.125648
0.126163
0.127001
0.128213
0.129845
0.131943
0.134545
0.137687
0.141398
0.145699
0.150605
0.156123
0.162252
0.168981
0.176293
0.184159
0.192544
0.201404
0.210687
0.220332
0.230273
0.240436
0.250745
0.261117
0.27278
0.285042
0.297444
0.309855
0.322131
0.334121
0.345662
0.356586
0.366726
0.375915
0.383994
0.390815
0.396249
0.400186
0.402541
0.40326
0.402316
0.399716
0.395497
0.389726
0.382498
0.37393
0.36416
0.353341
0.341635
0.329208
0.316227
0.302855
0.289245
0.275542
0.263401
0.251641
0.239772
0.227891
0.216089
0.20445
0.193054
0.181974
0.171272
0.161003
0.151214
0.14194
0.133209
0.125039
0.11744
0.110415
0.103959
0.0980615
0.092706
0.0878721
0.0835356
0.07967
0.0762466
0.0732359
0.0706082
0.0683341
0.0663852
0.0647347
0.0633581
0.0622329
0.0613398
0.0606625
0.0601881
0.0599072
0.0598142

0.11731
0.117276
0.117176
0.117021
0.116829
0.116624
0.116437
0.116303
0.116263
0.116359
0.11664
0.117153
0.117947
0.119071
0.120572
0.122497
0.124886
0.127779
0.131207
0.1352
0.139778
0.144955
0.150738
0.157126
0.164108
0.171666
0.179773
0.188394
0.197484
0.206991
0.216855
0.22701
0.237382
0.247894
0.258462
0.270057
0.282491
0.295058
0.307625
0.32005
0.332177
0.343846
0.354888
0.365134
0.374418
0.382581
0.389476
0.394973
0.398963
0.401363
0.40212
0.401208
0.398636
0.394441
0.388693
0.381487
0.372942
0.363197
0.352404
0.340726
0.328329
0.315379
0.30204
0.288465
0.274797
0.262758
0.251021
0.239179
0.227327
0.215555
0.203948
0.192585
0.181538
0.17087
0.160636
0.150881
0.14164
0.132942
0.124804
0.117236
0.11024
0.103813
0.0979422
0.0926122
0.0878022
0.0834882
0.0796434
0.0762393
0.0732464
0.0706348
0.0683752
0.0664392
0.0648002
0.0634333
0.0623164
0.06143
0.060758
0.0602873
0.0600087
0.0599164

0.107818
0.107799
0.107746
0.107668
0.107582
0.107511
0.107483
0.107529
0.107689
0.108003
0.108514
0.109267
0.110308
0.111683
0.113437
0.115613
0.11825
0.121385
0.12505
0.129272
0.134069
0.139457
0.145441
0.15202
0.159185
0.166917
0.17519
0.183968
0.193209
0.20286
0.212863
0.22315
0.233649
0.244283
0.254967
0.266194
0.27868
0.291288
0.303887
0.316334
0.328475
0.34015
0.351193
0.361435
0.370711
0.378866
0.385753
0.391245
0.395236
0.397645
0.398418
0.397534
0.395001
0.39086
0.385178
0.378051
0.369599
0.359959
0.349282
0.337729
0.325465
0.312654
0.299457
0.286025
0.2725
0.260828
0.249174
0.237419
0.225658
0.213979
0.202467
0.1912
0.18025
0.169677
0.159536
0.149871
0.140719
0.132105
0.124048
0.116557
0.109634
0.103274
0.0974665
0.0921948
0.0874385
0.0831736
0.0793734
0.0760096
0.0730528
0.0704735
0.0682423
0.0663312
0.0647135
0.0633648
0.062263
0.0613888
0.0607261
0.060262
0.0599873
0.0598964

0.0991875
0.0991826
0.0991711
0.0991622
0.099171
0.0992182
0.0993297
0.099536
0.0998716
0.100374
0.101084
0.102044
0.103295
0.104882
0.106846
0.109228
0.112065
0.115392
0.119238
0.12363
0.128587
0.134122
0.140241
0.146943
0.154219
0.162051
0.170414
0.179273
0.188585
0.198301
0.20836
0.218699
0.229244
0.239918
0.25064
0.261322
0.273646
0.286175
0.298684
0.311031
0.323065
0.334629
0.345559
0.355689
0.36486
0.372917
0.379719
0.385143
0.389084
0.391466
0.392238
0.391379
0.388899
0.384838
0.379265
0.372274
0.363983
0.354525
0.344051
0.332717
0.320685
0.308116
0.295165
0.281982
0.268964
0.257641
0.246128
0.234521
0.222912
0.211389
0.200034
0.188926
0.178132
0.167714
0.157724
0.148207
0.139196
0.130718
0.12279
0.11542
0.108611
0.102357
0.0966477
0.0914664
0.0867927
0.082603
0.0788706
0.0755677
0.0726651
0.0701337
0.0679445
0.0660699
0.0644835
0.0631612
0.0620812
0.0612245
0.0605751
0.0601205
0.0598513
0.0597623

0.0914576
0.0914649
0.0914895
0.09154
0.0916302
0.0917791
0.0920105
0.0923524
0.0928367
0.0934983
0.0943743
0.0955039
0.0969269
0.0986832
0.100812
0.103352
0.106338
0.109803
0.113776
0.118281
0.123336
0.128954
0.135142
0.141899
0.149215
0.157075
0.165453
0.174316
0.183623
0.193324
0.203361
0.213671
0.224183
0.23482
0.2455
0.256139
0.267454
0.279791
0.292094
0.304227
0.316041
0.327382
0.338092
0.348012
0.356984
0.364862
0.371508
0.376804
0.380651
0.382974
0.383727
0.382891
0.380477
0.376524
0.3711
0.364298
0.356231
0.34703
0.33684
0.325813
0.314105
0.301872
0.289266
0.276429
0.264383
0.253249
0.241934
0.230534
0.219136
0.207829
0.196692
0.185801
0.175223
0.165018
0.155236
0.145919
0.137102
0.128808
0.121054
0.113849
0.107194
0.101083
0.0955057
0.0904455
0.0858823
0.0817926
0.0781504
0.0749281
0.072097
0.0696286
0.0674945
0.0656675
0.0641219
0.0628339
0.0617821
0.0609479
0.0603157
0.0598732
0.0596113
0.0595246

0.0846268
0.0846442
0.0846991
0.0847992
0.0849571
0.0851903
0.0855206
0.0859737
0.086579
0.0873684
0.0883764
0.0896392
0.0911937
0.0930771
0.0953264
0.0979769
0.101062
0.104613
0.108657
0.113217
0.118311
0.123952
0.130145
0.13689
0.144179
0.151996
0.160318
0.169112
0.178338
0.187949
0.197888
0.208093
0.218495
0.229017
0.239581
0.250103
0.260197
0.272237
0.284229
0.296042
0.307532
0.31855
0.328945
0.338563
0.347254
0.354878
0.361305
0.366421
0.370133
0.372371
0.373091
0.372277
0.369941
0.366121
0.360883
0.354317
0.346532
0.337653
0.32782
0.317179
0.305878
0.294068
0.281892
0.269489
0.258613
0.247721
0.23666
0.225522
0.214394
0.20336
0.192499
0.181883
0.171577
0.161638
0.152117
0.143052
0.134476
0.126412
0.118877
0.111877
0.105413
0.09948
0.0940664
0.0891563
0.0847297
0.0807636
0.0772323
0.074109
0.0713658
0.0689746
0.0669078
0.065139
0.0636429
0.0623965
0.061379
0.0605722
0.0599609
0.059533
0.0592797
0.0591959

0.0786628
0.0786885
0.0787677
0.0789077
0.0791199
0.0794203
0.0798288
0.0803691
0.081068
0.0819549
0.0830618
0.0844218
0.0860692
0.0880388
0.0903648
0.0930804
0.0962172
0.0998043
0.103867
0.108429
0.113505
0.11911
0.125248
0.131919
0.139117
0.146826
0.155024
0.163679
0.172755
0.182204
0.191973
0.202
0.212218
0.222555
0.23293
0.243264
0.25347
0.263638
0.275226
0.286626
0.2977
0.308308
0.318303
0.327541
0.335881
0.343188
0.34934
0.354231
0.357774
0.359904
0.36058
0.359789
0.357541
0.353876
0.348857
0.342568
0.335114
0.326615
0.317202
0.307013
0.296191
0.284876
0.273206
0.262096
0.251744
0.241145
0.230391
0.219568
0.208764
0.198057
0.187526
0.177238
0.167256
0.157636
0.148424
0.139658
0.131369
0.123578
0.1163
0.109543
0.103305
0.0975818
0.0923613
0.0876278
0.0833618
0.0795407
0.0761396
0.0731324
0.0704918
0.0681909
0.0662027
0.0645016
0.0630633
0.0618653
0.0608876
0.0601125
0.0595253
0.0591144
0.0588713
0.0587908

0.0735132
0.0735451
0.0736432
0.0738138
0.0740675
0.0744189
0.0748861
0.0754909
0.0762576
0.0772136
0.078388
0.0798116
0.081516
0.0835334
0.0858958
0.0886342
0.0917781
0.095355
0.0993894
0.103902
0.10891
0.114424
0.120452
0.126993
0.13404
0.14158
0.149591
0.158045
0.166904
0.176126
0.185656
0.195438
0.205405
0.215487
0.225607
0.235686
0.24564
0.255385
0.265243
0.276151
0.286733
0.296856
0.306382
0.315176
0.323104
0.330042
0.335875
0.340506
0.343853
0.345856
0.346479
0.34571
0.343562
0.34007
0.335295
0.329318
0.322236
0.314162
0.305219
0.295538
0.285252
0.274493
0.263621
0.25391
0.243882
0.233625
0.223225
0.212769
0.202338
0.19201
0.181857
0.171946
0.162337
0.153081
0.144223
0.135799
0.127837
0.120358
0.113375
0.106893
0.100913
0.0954275
0.0904262
0.0858932
0.0818092
0.0781524
0.0748987
0.0720226
0.0694982
0.067299
0.0653995
0.0637747
0.0624014
0.0612579
0.060325
0.0595855
0.0590255
0.0586337
0.0584019
0.0583252

0.0691139
0.0691505
0.0692623
0.0694551
0.0697386
0.0701261
0.0706341
0.0712824
0.0720936
0.0730926
0.0743061
0.0757626
0.0774912
0.0795219
0.0818841
0.084607
0.0877182
0.0912433
0.0952056
0.099625
0.104517
0.109894
0.115762
0.12212
0.128964
0.136279
0.144048
0.152242
0.160826
0.169758
0.178989
0.188463
0.198117
0.207881
0.217683
0.227446
0.237089
0.246529
0.255683
0.264806
0.274835
0.284413
0.293415
0.301713
0.309184
0.315712
0.321193
0.325536
0.328666
0.330529
0.331094
0.330348
0.328306
0.325002
0.320491
0.314851
0.308171
0.300557
0.292124
0.282993
0.273286
0.263156
0.254172
0.244808
0.235148
0.225276
0.215277
0.205233
0.195221
0.185316
0.175587
0.166097
0.156903
0.148053
0.139588
0.131544
0.123945
0.116811
0.110154
0.103977
0.0982817
0.0930598
0.0883005
0.0839886
0.0801053
0.0766296
0.0735381
0.0708064
0.0684096
0.0663224
0.0645202
0.0629793
0.0616773
0.0605936
0.0597096
0.0590093
0.058479
0.058108
0.0578886
0.057816

0.0653974
0.0654372
0.0655581
0.0657656
0.0660684
0.0664786
0.0670115
0.0676849
0.0685197
0.0695384
0.0707659
0.0722281
0.073952
0.0759652
0.0782952
0.0809689
0.0840121
0.087449
0.0913014
0.095588
0.100324
0.105521
0.111184
0.117315
0.123908
0.130951
0.138427
0.146309
0.154565
0.163155
0.172032
0.181142
0.190425
0.199816
0.209244
0.218635
0.227911
0.236992
0.245799
0.254251
0.262217
0.271209
0.279646
0.287411
0.294392
0.300482
0.305586
0.309621
0.31252
0.314235
0.314736
0.314014
0.312084
0.308976
0.304744
0.299458
0.293202
0.286072
0.278174
0.26962
0.260717
0.252527
0.243903
0.234924
0.225672
0.216226
0.206669
0.197076
0.187524
0.178082
0.168817
0.159786
0.151044
0.142635
0.134599
0.126966
0.119761
0.113001
0.106696
0.10085
0.0954617
0.090524
0.0860259
0.0819524
0.0782855
0.0750048
0.072088
0.0695118
0.0672522
0.0652854
0.0635879
0.062137
0.0609116
0.059892
0.0590607
0.0584023
0.0579039
0.0575553
0.0573492
0.0572809

0.0622987
0.0623402
0.0624662
0.0626818
0.0629948
0.0634162
0.0639599
0.0646423
0.0654824
0.0665008
0.0677203
0.0691646
0.0708588
0.0728281
0.0750981
0.0776936
0.0806387
0.083956
0.0876658
0.091786
0.0963309
0.101311
0.106733
0.112597
0.118899
0.125629
0.132768
0.140294
0.148176
0.156376
0.16485
0.173548
0.182411
0.191379
0.200382
0.209352
0.218212
0.226888
0.235301
0.243374
0.251033
0.258203
0.265316
0.272525
0.278994
0.284629
0.289341
0.293058
0.295718
0.297278
0.297714
0.297017
0.2952
0.292295
0.288349
0.283426
0.277603
0.270969
0.263163
0.256366
0.24902
0.241195
0.232964
0.224405
0.215595
0.206611
0.197529
0.188425
0.179367
0.170423
0.161654
0.153114
0.144855
0.136917
0.129336
0.122142
0.115356
0.108993
0.103062
0.0975663
0.0925036
0.087867
0.0836454
0.0798242
0.0763861
0.0733116
0.0705794
0.0681673
0.0660528
0.0642131
0.062626
0.0612702
0.0601256
0.0591737
0.0583978
0.0577836
0.0573188
0.0569938
0.0568017
0.0567381

0.0597592
0.0598013
0.0599291
0.060147
0.0604623
0.0608849
0.0614276
0.0621052
0.0629349
0.0639358
0.0651286
0.0665351
0.0681782
0.0700812
0.0722676
0.0747605
0.0775821
0.0807533
0.0842933
0.0882187
0.0925432
0.0972768
0.102425
0.107991
0.113968
0.120348
0.127115
0.134248
0.141717
0.149488
0.157518
0.165761
0.174162
0.182664
0.191201
0.199706
0.208109
0.216337
0.224317
0.231974
0.239237
0.246034
0.2523
0.257971
0.26325
0.268421
0.272737
0.27613
0.278548
0.279952
0.28032
0.279648
0.277946
0.275243
0.271584
0.267025
0.26136
0.256103
0.250208
0.243736
0.236749
0.229316
0.221508
0.213399
0.205061
0.196568
0.187993
0.179406
0.170871
0.162453
0.154206
0.146184
0.138432
0.130988
0.123885
0.11715
0.110801
0.104853
0.0993125
0.0941821
0.0894589
0.0851359
0.0812021
0.0776435
0.0744434
0.0715833
0.0690431
0.0668018
0.064838
0.0631304
0.0616581
0.060401
0.0593403
0.0584587
0.0577405
0.0571722
0.0567423
0.0564418
0.0562642
0.0562054

0.0577306
0.0577724
0.057899
0.0581144
0.0584253
0.0588407
0.0593721
0.0600331
0.0608394
0.0618082
0.0629586
0.0643104
0.0658846
0.0677025
0.0697858
0.0721556
0.0748326
0.0778361
0.0811839
0.0848914
0.0889715
0.0934338
0.0982839
0.103523
0.109149
0.115151
0.121517
0.128225
0.13525
0.142559
0.150112
0.157867
0.165771
0.173771
0.181806
0.189812
0.197723
0.205469
0.212982
0.220191
0.227028
0.233425
0.239319
0.24465
0.249363
0.253409
0.256747
0.25934
0.261277
0.262525
0.262826
0.262176
0.260463
0.258302
0.25538
0.251726
0.247381
0.242388
0.2368
0.230673
0.22407
0.217054
0.209693
0.202058
0.194217
0.186241
0.178196
0.170148
0.162159
0.154287
0.146584
0.139098
0.13187
0.124937
0.118328
0.112065
0.106168
0.100646
0.0955074
0.0907523
0.0863778
0.0823767
0.0787383
0.0754491
0.0724932
0.069853
0.0675096
0.0654433
0.0636341
0.0620619
0.0607072
0.0595514
0.0585768
0.0577673
0.0571082
0.056587
0.0561929
0.0559175
0.0557547
0.0557009

0.0561766
0.0562171
0.05634
0.0565489
0.0568497
0.0572507
0.0577622
0.0583967
0.0591683
0.0600929
0.0611876
0.0624705
0.0639609
0.0656782
0.0676422
0.0698724
0.0723876
0.0752058
0.0783433
0.0818144
0.0856313
0.0898027
0.0943343
0.0992276
0.10448
0.110083
0.116024
0.122285
0.128841
0.135662
0.142713
0.149952
0.157333
0.164804
0.172308
0.179787
0.187178
0.194416
0.201436
0.208172
0.214559
0.220533
0.226034
0.231007
0.235399
0.239163
0.242261
0.244658
0.246329
0.247256
0.247428
0.246844
0.245511
0.243443
0.240661
0.237198
0.233088
0.228377
0.223113
0.217351
0.211149
0.20457
0.197676
0.190534
0.18321
0.175767
0.16827
0.160779
0.153351
0.146039
0.138893
0.131955
0.125263
0.118851
0.112744
0.106963
0.101523
0.0964356
0.0917043
0.0873299
0.0833089
0.0796339
0.0762947
0.0732783
0.0705697
0.0681522
0.0660082
0.0641192
0.0624665
0.0610315
0.0597962
0.058743
0.0578557
0.0571192
0.0565201
0.0560466
0.0556888
0.055439
0.0552913
0.0552425

0.0550739
0.0551126
0.0552297
0.0554284
0.0557142
0.0560946
0.0565789
0.0571784
0.0579059
0.0587757
0.0598035
0.0610058
0.0623999
0.0640037
0.0658351
0.0679119
0.0702515
0.0728703
0.0757832
0.0790035
0.0825424
0.0864083
0.0906062
0.095138
0.100001
0.105188
0.110689
0.116485
0.122554
0.12887
0.1354
0.142105
0.148942
0.155864
0.162818
0.16975
0.176601
0.183311
0.189818
0.196062
0.201981
0.207516
0.21261
0.217211
0.22127
0.224744
0.227594
0.22979
0.231309
0.232132
0.232252
0.231666
0.230383
0.228415
0.225785
0.222522
0.218662
0.214245
0.209319
0.203936
0.198151
0.192022
0.18561
0.178975
0.172179
0.165282
0.158343
0.151418
0.14456
0.137817
0.131233
0.124849
0.118699
0.112811
0.107209
0.101912
0.096933
0.0922801
0.0879573
0.0839645
0.0802975
0.0769493
0.0739097
0.0711665
0.0687055
0.0665111
0.0645669
0.0628556
0.0613599
0.0600626
0.0589469
0.0579968
0.0571972
0.0565342
0.0559954
0.0555699
0.0552486
0.0550244
0.054892
0.0548482

0.0544137
0.0544498
0.0545591
0.0547446
0.0550111
0.0553654
0.055816
0.056373
0.0570481
0.0578541
0.0588053
0.0599167
0.0612039
0.0626831
0.0643708
0.0662831
0.0684358
0.0708438
0.073521
0.0764794
0.0797294
0.0832788
0.0871323
0.0912918
0.0957551
0.100516
0.105564
0.110885
0.116457
0.122256
0.128253
0.134411
0.140692
0.147053
0.153444
0.159815
0.166113
0.172282
0.178265
0.184004
0.189444
0.194529
0.199207
0.203428
0.207147
0.210323
0.212923
0.214916
0.21628
0.217001
0.217071
0.216488
0.21526
0.2134
0.210929
0.207876
0.204273
0.200161
0.195584
0.190589
0.185231
0.179561
0.173638
0.167518
0.161257
0.154912
0.148535
0.14218
0.135893
0.12972
0.1237
0.117869
0.112258
0.106892
0.101794
0.0969775
0.0924553
0.088234
0.0843165
0.0807019
0.077386
0.0743615
0.071619
0.0691467
0.0669313
0.0649583
0.0632124
0.0616776
0.060338
0.0591777
0.0581812
0.0573338
0.0566217
0.056032
0.0555534
0.0551759
0.0548912
0.0546927
0.0545755
0.0545367

0.0542013
0.0542343
0.0543341
0.0545034
0.0547467
0.0550699
0.0554808
0.0559885
0.0566036
0.0573376
0.0582035
0.0592147
0.0603855
0.0617306
0.0632649
0.065003
0.0669593
0.0691474
0.0715799
0.0742679
0.0772209
0.080446
0.0839479
0.0877281
0.0917852
0.0961135
0.100704
0.105543
0.110612
0.115889
0.121346
0.126953
0.132673
0.138466
0.144288
0.150093
0.155832
0.161453
0.166905
0.172135
0.17709
0.18172
0.185977
0.189814
0.19319
0.196068
0.198415
0.200205
0.201417
0.202038
0.20206
0.201484
0.200315
0.198569
0.196263
0.193425
0.190087
0.186285
0.182062
0.177462
0.172534
0.167328
0.161897
0.156292
0.150567
0.144772
0.138957
0.133168
0.127449
0.12184
0.116377
0.111093
0.106014
0.101163
0.0965597
0.0922166
0.0881436
0.0843465
0.080827
0.0775839
0.0746127
0.0719063
0.0694556
0.0672497
0.0652759
0.0635209
0.0619704
0.0606098
0.0594244
0.0583995
0.0575211
0.0567755
0.0561502
0.0556334
0.0552147
0.054885
0.0546367
0.0544637
0.0543617
0.054328

0.0544576
0.0544869
0.0545755
0.0547258
0.0549419
0.0552292
0.0555946
0.0560464
0.056594
0.0572481
0.0580201
0.0589225
0.059968
0.06117
0.0625419
0.0640971
0.0658486
0.0678088
0.0699892
0.0724
0.0750498
0.0779453
0.0810908
0.0844879
0.0881355
0.0920287
0.0961593
0.100515
0.105081
0.109835
0.114753
0.119808
0.124966
0.130192
0.135446
0.140685
0.145865
0.15094
0.155861
0.160581
0.165051
0.169227
0.173063
0.176517
0.179551
0.182131
0.184228
0.185816
0.186879
0.187402
0.187381
0.186814
0.18571
0.184079
0.181943
0.179324
0.176253
0.172764
0.168896
0.16469
0.160192
0.155448
0.150506
0.145414
0.140219
0.134967
0.129705
0.124473
0.119312
0.114257
0.10934
0.10459
0.100031
0.0956835
0.0915626
0.0876804
0.0840451
0.0806609
0.0775291
0.0746478
0.0720124
0.0696161
0.0674501
0.0655042
0.0637666
0.0622249
0.060866
0.0596764
0.0586426
0.0577512
0.0569892
0.0563443
0.0558049
0.0553604
0.0550013
0.0547192
0.0545071
0.0543597
0.0542728
0.0542441

0.0552188
0.0552438
0.0553194
0.0554479
0.0556328
0.055879
0.0561929
0.0565818
0.0570545
0.0576204
0.0582901
0.0590746
0.0599857
0.0610354
0.062236
0.0635996
0.0651382
0.0668629
0.0687844
0.070912
0.0732536
0.0758154
0.0786015
0.0816136
0.0848507
0.0883089
0.091981
0.0958563
0.0999205
0.104156
0.10854
0.113047
0.11765
0.122314
0.127005
0.131684
0.136311
0.140844
0.14524
0.149455
0.153447
0.157173
0.160593
0.163668
0.166365
0.168652
0.170502
0.171894
0.17281
0.17324
0.173178
0.172624
0.171586
0.170074
0.168108
0.165708
0.162904
0.159726
0.156211
0.152396
0.148323
0.144034
0.139573
0.134983
0.130307
0.125587
0.120864
0.116176
0.111557
0.10704
0.102653
0.0984207
0.0943653
0.0905037
0.0868495
0.0834129
0.0802004
0.0772154
0.0744583
0.0719269
0.0696165
0.0675206
0.0656309
0.0639375
0.0624298
0.0610962
0.0599245
0.0589023
0.0580173
0.0572572
0.0566102
0.0560648
0.0556107
0.055238
0.0549382
0.0547035
0.0545277
0.0544058
0.0543341
0.0543105

0.0565375
0.0565575
0.0566182
0.0567215
0.0568708
0.0570704
0.0573262
0.0576448
0.0580342
0.058503
0.0590607
0.0597176
0.0604843
0.0613719
0.0623915
0.0635543
0.0648711
0.0663524
0.0680079
0.0698461
0.0718745
0.0740989
0.0765232
0.0791492
0.0819764
0.0850014
0.088218
0.091617
0.0951857
0.0989083
0.102766
0.106735
0.11079
0.114902
0.11904
0.123169
0.127254
0.131256
0.135137
0.138858
0.14238
0.145666
0.148679
0.151384
0.153751
0.155752
0.157362
0.158562
0.159337
0.159677
0.159578
0.15904
0.158069
0.156677
0.154879
0.152697
0.150155
0.147284
0.144114
0.140682
0.137024
0.133179
0.129186
0.125083
0.120911
0.116706
0.112505
0.10834
0.104244
0.100245
0.0963673
0.0926333
0.0890613
0.0856664
0.0824602
0.0794511
0.0766445
0.0740428
0.0716458
0.069451
0.0674538
0.0656477
0.064025
0.0625765
0.061292
0.060161
0.0591721
0.058314
0.0575753
0.0569447
0.0564113
0.0559649
0.0555956
0.0552947
0.0550542
0.0548672
0.054728
0.0546318
0.0545754
0.0545569

0.0584827
0.058497
0.0585405
0.0586151
0.0587236
0.0588704
0.0590605
0.0593002
0.0595967
0.0599581
0.0603931
0.0609111
0.0615219
0.0622359
0.0630633
0.0640144
0.0650994
0.0663279
0.0677089
0.0692507
0.07096
0.0728426
0.0749023
0.077141
0.0795587
0.0821526
0.0849177
0.0878458
0.0909262
0.0941448
0.0974849
0.100927
0.104447
0.10802
0.111618
0.115212
0.118767
0.122253
0.125633
0.128873
0.131939
0.134797
0.137414
0.139761
0.141808
0.143532
0.14491
0.145926
0.146566
0.146821
0.146688
0.146167
0.145264
0.143989
0.142357
0.140387
0.138102
0.135528
0.132695
0.129633
0.126376
0.122959
0.119417
0.115784
0.112095
0.108384
0.104682
0.101019
0.0974229
0.093918
0.0905264
0.0872671
0.084156
0.0812061
0.078427
0.0758259
0.0734068
0.0711715
0.0691192
0.0672472
0.0655509
0.0640242
0.0626594
0.061448
0.0603806
0.0594472
0.0586375
0.0579407
0.0573465
0.0568443
0.0564243
0.0560767
0.0557928
0.0555643
0.0553839
0.0552453
0.0551432
0.0550733
0.0550325
0.0550192

0.0611403
0.0611481
0.0611718
0.0612133
0.0612753
0.0613617
0.0614773
0.061628
0.0618205
0.0620624
0.0623618
0.0627276
0.063169
0.0636956
0.0643172
0.0650436
0.0658842
0.0668484
0.0679445
0.0691806
0.0705632
0.0720979
0.0737886
0.0756376
0.0776452
0.0798095
0.0821264
0.0845891
0.0871883
0.089912
0.0927457
0.0956718
0.0986704
0.101719
0.104793
0.107866
0.11091
0.113895
0.116791
0.119567
0.122192
0.124638
0.126874
0.128875
0.130616
0.132073
0.13323
0.134069
0.13458
0.134755
0.134591
0.134088
0.133251
0.132091
0.13062
0.128855
0.126818
0.124531
0.12202
0.119313
0.116441
0.113433
0.110321
0.107135
0.103907
0.100665
0.0974375
0.0942507
0.0911284
0.0880922
0.0851613
0.0823519
0.0796778
0.0771499
0.0747764
0.0725629
0.0705127
0.0686267
0.0669039
0.0653412
0.0639341
0.0626766
0.0615615
0.0605806
0.0597252
0.0589857
0.0583525
0.0578157
0.0573654
0.056992
0.056686
0.0564386
0.0562415
0.056087
0.0559684
0.0558797
0.055816
0.0557733
0.0557489
0.0557409

0.0646133
0.0646135
0.0646144
0.0646178
0.0646263
0.0646436
0.0646743
0.064724
0.0647992
0.0649071
0.0650556
0.0652531
0.0655086
0.0658313
0.0662307
0.0667161
0.0672969
0.0679819
0.0687797
0.0696978
0.0707431
0.071921
0.0732359
0.0746903
0.0762852
0.0780194
0.0798899
0.0818911
0.0840153
0.0862524
0.0885898
0.0910125
0.0935032
0.0960424
0.0986087
0.101179
0.103728
0.106231
0.108661
0.11099
0.113193
0.115243
0.117115
0.118786
0.120232
0.121436
0.122381
0.123053
0.123442
0.123542
0.123349
0.122864
0.122093
0.121043
0.119726
0.118158
0.116356
0.114342
0.112137
0.109768
0.10726
0.10464
0.101935
0.099172
0.0963783
0.0935793
0.0907993
0.0880611
0.0853855
0.0827911
0.0802945
0.0779095
0.075648
0.073519
0.0715293
0.0696836
0.0679842
0.0664314
0.0650237
0.0637581
0.0626299
0.0616332
0.0607611
0.0600059
0.059359
0.0588116
0.0583543
0.0579779
0.0576729
0.0574302
0.0572409
0.0570965
0.0569892
0.0569117
0.0568577
0.0568214
0.0567981
0.0567842
0.0567769
0.0567747

0.0690209
0.0690122
0.0689868
0.0689461
0.0688929
0.0688307
0.0687642
0.0686988
0.0686409
0.0685977
0.0685769
0.068587
0.0686367
0.0687353
0.0688922
0.0691167
0.0694182
0.0698056
0.0702875
0.0708717
0.0715652
0.0723738
0.0733023
0.0743538
0.07553
0.0768306
0.0782536
0.0797949
0.0814481
0.0832048
0.0850546
0.0869845
0.0889799
0.091024
0.0930982
0.0951824
0.0972553
0.0992945
0.101277
0.103179
0.104978
0.10665
0.108175
0.10953
0.110698
0.111661
0.112406
0.112919
0.113193
0.113222
0.113002
0.112536
0.111826
0.110881
0.109711
0.108328
0.106749
0.104992
0.103077
0.101025
0.0988596
0.0966034
0.0942804
0.0919143
0.0895281
0.0871442
0.0847835
0.0824658
0.080209
0.0780292
0.0759405
0.0739548
0.0720819
0.0703296
0.0687034
0.0672068
0.0658416
0.0646076
0.0635028
0.062524
0.0616666
0.0609246
0.0602914
0.0597594
0.0593204
0.0589656
0.0586863
0.0584732
0.0583173
0.0582097
0.0581418
0.0581054
0.0580929
0.0580971
0.0581119
0.0581317
0.058152
0.0581691
0.0581804
0.0581844

0.0744975
0.0744786
0.0744226
0.074331
0.0742064
0.0740527
0.0738744
0.0736773
0.0734677
0.0732531
0.0730413
0.072841
0.0726612
0.0725115
0.0724014
0.0723406
0.0723389
0.0724055
0.0725494
0.0727789
0.0731015
0.0735236
0.0740506
0.0746865
0.0754338
0.0762932
0.0772638
0.0783429
0.0795255
0.0808052
0.082173
0.0836184
0.085129
0.0866903
0.0882866
0.0899006
0.091514
0.0931073
0.0946607
0.0961539
0.0975669
0.0988798
0.100074
0.101131
0.102034
0.10277
0.103325
0.103689
0.103854
0.103816
0.103572
0.103123
0.102472
0.101625
0.100592
0.0993831
0.0980127
0.0964962
0.0948508
0.0930952
0.0912489
0.0893321
0.0873652
0.0853686
0.0833622
0.0813652
0.0793957
0.0774707
0.0756054
0.0738137
0.0721076
0.0704972
0.0689908
0.0675948
0.0663136
0.0651501
0.0641051
0.0631781
0.0623668
0.0616677
0.061076
0.060586
0.0601908
0.0598829
0.0596542
0.0594961
0.0593998
0.0593562
0.0593563
0.0593912
0.0594523
0.0595315
0.059621
0.0597138
0.0598035
0.0598847
0.0599528
0.0600041
0.0600359
0.0600467

0.081191
0.0811603
0.0810688
0.0809181
0.0807112
0.0804519
0.0801452
0.079797
0.0794141
0.0790043
0.0785761
0.0781385
0.0777012
0.0772743
0.076868
0.0764926
0.0761586
0.075876
0.0756545
0.0755032
0.0754304
0.0754434
0.0755486
0.0757509
0.0760538
0.0764593
0.0769678
0.0775778
0.078286
0.0790875
0.0799753
0.0809408
0.0819736
0.0830617
0.0841917
0.0853489
0.0865176
0.0876811
0.0888223
0.0899239
0.0909684
0.0919387
0.0928185
0.0935923
0.0942457
0.094766
0.0951423
0.0953656
0.095429
0.0953279
0.0950604
0.0946267
0.0940295
0.0932741
0.0923679
0.0913205
0.0901434
0.0888499
0.0874546
0.0859734
0.0844231
0.0828207
0.0811839
0.0795301
0.0778762
0.0762387
0.0746331
0.073074
0.0715744
0.0701461
0.0687994
0.0675428
0.0663832
0.065326
0.0643747
0.0635312
0.0627959
0.0621678
0.0616443
0.0612216
0.0608948
0.0606578
0.0605038
0.0604251
0.0604135
0.0604601
0.060556
0.0606919
0.0608586
0.0610469
0.061248
0.0614533
0.061655
0.0618456
0.0620187
0.0621684
0.06229
0.0623796
0.0624345
0.062453

0.0892593
0.089215
0.0890825
0.0888638
0.0885619
0.0881811
0.0877267
0.0872053
0.0866244
0.0859923
0.0853184
0.0846124
0.0838851
0.0831474
0.0824106
0.0816861
0.0809853
0.0803194
0.0796993
0.0791351
0.0786365
0.0782118
0.0778687
0.0776133
0.0774506
0.0773837
0.0774146
0.0775431
0.0777678
0.0780851
0.0784899
0.0789755
0.0795335
0.0801539
0.0808255
0.081536
0.0822718
0.0830188
0.0837624
0.0844875
0.085179
0.0858223
0.0864031
0.0869079
0.0873242
0.0876409
0.0878483
0.0879384
0.0879052
0.0877443
0.0874536
0.0870331
0.0864849
0.0858131
0.0850236
0.0841244
0.0831252
0.0820369
0.0808718
0.0796435
0.0783658
0.0770536
0.0757215
0.0743845
0.0730571
0.0717533
0.0704863
0.0692685
0.0681112
0.0670244
0.0660169
0.0650958
0.064267
0.0635348
0.0629019
0.0623698
0.0619381
0.0616053
0.0613687
0.0612239
0.0611658
0.061188
0.0612834
0.0614439
0.0616609
0.0619251
0.0622271
0.0625572
0.0629054
0.0632622
0.0636181
0.0639639
0.0642912
0.064592
0.0648593
0.0650868
0.0652693
0.0654027
0.0654839
0.0655112

0.0975705
0.0975206
0.0973713
0.0971243
0.0967824
0.0963494
0.0958302
0.0960566
0.0952497
0.0943648
0.093412
0.0924025
0.0913481
0.0902613
0.0891546
0.0880409
0.0869332
0.0858442
0.0847862
0.083771
0.0828096
0.0819123
0.0810879
0.0803444
0.0796882
0.0791241
0.0786555
0.0782841
0.0780099
0.0778311
0.0777444
0.0777449
0.0778258
0.0779793
0.078196
0.0784656
0.0787767
0.0791172
0.0794743
0.0798352
0.0801867
0.0805161
0.0808108
0.0810589
0.0812495
0.0813727
0.0814198
0.0813834
0.081258
0.0810394
0.0807253
0.0803152
0.0798104
0.079214
0.0785306
0.0777666
0.0769297
0.0760291
0.075075
0.0740785
0.0730514
0.0720061
0.0709551
0.0699109
0.068886
0.0678923
0.0669412
0.0660432
0.0652081
0.0644445
0.0637598
0.0631601
0.0626504
0.0622341
0.0619133
0.0616888
0.0615598
0.0615243
0.061579
0.0617193
0.0619396
0.0622329
0.0625916
0.0630071
0.0634699
0.0639703
0.0644978
0.065042
0.065592
0.0661372
0.0666673
0.0671721
0.0676422
0.0680689
0.0684442
0.0687611
0.0690139
0.0691978
0.0693096
0.069347

0.10954
0.109468
0.109253
0.108897
0.108403
0.107777
0.107025
0.106153
0.105172
0.10409
0.102918
0.101668
0.100352
0.09875
0.0972292
0.0956812
0.094121
0.0925631
0.0910219
0.0895111
0.0880439
0.0866322
0.085287
0.0840181
0.0828337
0.0817406
0.0807441
0.0798475
0.0790526
0.0783595
0.0777666
0.0772706
0.0768666
0.0765485
0.0763088
0.0761387
0.0760285
0.075968
0.0759461
0.0759515
0.0759727
0.0759984
0.0760172
0.0760188
0.0759931
0.075931
0.0758245
0.0756669
0.0754525
0.0751773
0.0748387
0.0744355
0.0739683
0.0734389
0.072851
0.0722092
0.0715199
0.0707903
0.0700287
0.0692444
0.0684473
0.0676476
0.066856
0.0660831
0.0653396
0.0646357
0.0639812
0.0633854
0.0628565
0.0624021
0.0620285
0.0617411
0.061544
0.06144
0.0614306
0.0615159
0.0616947
0.0619646
0.0623217
0.0627608
0.0632756
0.0638586
0.0645012
0.065194
0.0659266
0.066688
0.0674667
0.0682509
0.0690286
0.0697877
0.0705164
0.0712035
0.071838
0.07241
0.0729104
0.0733312
0.0736657
0.0739086
0.0740558
0.0741052

0.123649
0.123552
0.123262
0.122782
0.122116
0.12127
0.120253
0.119072
0.117741
0.116269
0.114672
0.112963
0.111158
0.109274
0.107327
0.105334
0.103313
0.10059
0.098515
0.0964582
0.0944355
0.0924614
0.0905491
0.0887107
0.0869567
0.0852961
0.083736
0.0822821
0.0809379
0.0797055
0.078585
0.0775748
0.076672
0.0758717
0.0751681
0.074554
0.0740212
0.0735607
0.0731627
0.0728173
0.0725141
0.0722427
0.0719929
0.071755
0.0715197
0.0712783
0.0710233
0.0707478
0.0704464
0.0701146
0.0697495
0.0693491
0.0689131
0.0684426
0.0679396
0.0674079
0.066852
0.0662777
0.0656919
0.065102
0.0645162
0.0639433
0.0633923
0.0628724
0.0623926
0.061962
0.0615891
0.0612821
0.0610482
0.0608941
0.0608255
0.060847
0.060962
0.0611728
0.0614804
0.0618845
0.0623834
0.0629739
0.0636515
0.0644104
0.0652434
0.066142
0.0670966
0.0680964
0.0691298
0.0701843
0.0712469
0.0723038
0.0733415
0.0743459
0.0753036
0.0762013
0.0770265
0.0777675
0.0784137
0.0789557
0.0793858
0.0796976
0.0798865
0.0799498

0.140168
0.140043
0.139668
0.139047
0.138185
0.13709
0.135771
0.13424
0.132511
0.130597
0.128517
0.126288
0.123929
0.121461
0.118904
0.11628
0.113609
0.110915
0.108216
0.105535
0.102081
0.0994903
0.0969584
0.0945
0.0921282
0.0898545
0.0876886
0.0856381
0.0837091
0.0819055
0.0802293
0.0786808
0.0772585
0.0759592
0.0747785
0.0737104
0.0727479
0.0718831
0.0711073
0.0704111
0.0697852
0.0692196
0.0687049
0.0682315
0.0677904
0.0673733
0.0669724
0.0665808
0.0661926
0.065803
0.0654084
0.0650062
0.064595
0.064175
0.0637471
0.0633138
0.0628784
0.0624454
0.0620202
0.0616091
0.0612188
0.0608568
0.0605309
0.0602491
0.0600195
0.05985
0.0597484
0.0597219
0.0597773
0.0599204
0.0601566
0.0604897
0.060923
0.0614582
0.0620959
0.0628352
0.0636737
0.0646078
0.0656322
0.06674
0.0679229
0.0691713
0.0704741
0.0718189
0.0731923
0.0745799
0.0759664
0.0773362
0.0786731
0.079961
0.0811839
0.0823263
0.0833734
0.0843115
0.0851281
0.085812
0.086354
0.0867466
0.0869844
0.087064

0.159371
0.159214
0.158743
0.157962
0.156879
0.155502
0.153842
0.151914
0.149734
0.147321
0.144694
0.141876
0.13889
0.135761
0.132515
0.129177
0.125773
0.122331
0.118876
0.115432
0.112024
0.108675
0.105405
0.101463
0.0984188
0.0954802
0.0926594
0.0899668
0.0874107
0.0849972
0.0827305
0.0806126
0.0786438
0.0768224
0.075145
0.073607
0.0722022
0.0709234
0.0697627
0.0687112
0.0677597
0.0668988
0.0661189
0.0654105
0.0647646
0.0641724
0.0636258
0.0631177
0.0626414
0.0621915
0.0617636
0.0613543
0.0609613
0.0605837
0.0602215
0.0598761
0.0595496
0.0592456
0.0589682
0.0587227
0.0585149
0.0583513
0.0582387
0.0581845
0.0581959
0.0582802
0.0584447
0.0586962
0.0590409
0.0594845
0.0600318
0.0606865
0.0614515
0.0623282
0.0633167
0.0644156
0.065622
0.0669313
0.0683372
0.0698318
0.0714054
0.0730467
0.0747427
0.0764792
0.0782403
0.0800093
0.0817682
0.0834985
0.0851813
0.0867976
0.0883285
0.0897555
0.0910612
0.0922293
0.0932448
0.0940945
0.0947674
0.0952545
0.0955495
0.0956482

0.181519
0.181326
0.180747
0.179788
0.178456
0.176763
0.17472
0.172346
0.16966
0.166684
0.163442
0.15996
0.156267
0.152393
0.148369
0.144226
0.139997
0.135712
0.131405
0.127104
0.122839
0.118638
0.114527
0.110528
0.106665
0.102236
0.0987053
0.0953187
0.0920869
0.0890185
0.08612
0.0833955
0.0808467
0.0784736
0.0762739
0.074244
0.0723784
0.0706706
0.0691127
0.0676962
0.0664118
0.0652499
0.0642007
0.0632543
0.062401
0.0616315
0.0609373
0.06031
0.0597426
0.0592285
0.0587626
0.0583405
0.0579589
0.0576161
0.057311
0.057044
0.0568165
0.0566311
0.0564911
0.056401
0.0563659
0.0563917
0.0564847
0.0566518
0.0568999
0.057236
0.0576672
0.0581999
0.0588405
0.0595944
0.0604664
0.06146
0.062578
0.0638214
0.0651899
0.0666816
0.0682928
0.0700179
0.0718495
0.0737782
0.0757926
0.0778793
0.0800231
0.0822071
0.0844128
0.0866201
0.0888081
0.0909549
0.0930379
0.0950347
0.0969228
0.0986804
0.100287
0.101722
0.102969
0.104012
0.104837
0.105434
0.105796
0.105917

0.206847
0.206614
0.205916
0.204759
0.203152
0.201107
0.19864
0.19577
0.19252
0.188916
0.184986
0.180763
0.176279
0.17157
0.166674
0.161628
0.156471
0.151241
0.145976
0.140713
0.135488
0.130332
0.125278
0.120354
0.115586
0.110995
0.106603
0.101742
0.0977808
0.0940069
0.0904295
0.0870548
0.0838866
0.0809262
0.0781727
0.0756231
0.0732727
0.0711151
0.0691426
0.0673465
0.0657171
0.0642443
0.0629176
0.0617263
0.0606598
0.0597081
0.0588613
0.0581103
0.0574469
0.0568636
0.056354
0.0559128
0.055536
0.0552206
0.0549648
0.0547682
0.0546315
0.0545564
0.0545459
0.054604
0.0547353
0.0549455
0.0552408
0.0556277
0.0561133
0.0567046
0.0574088
0.0582325
0.0591822
0.0602635
0.0614811
0.0628389
0.0643393
0.0659832
0.0677698
0.0696966
0.071759
0.0739503
0.0762615
0.0786814
0.0811964
0.0837908
0.0864464
0.0891433
0.0918594
0.094571
0.0972534
0.0998804
0.102425
0.104862
0.107163
0.109303
0.111256
0.113001
0.114516
0.115782
0.116784
0.117509
0.117947
0.118094

0.235534
0.235258
0.23443
0.233058
0.23115
0.228722
0.22579
0.222376
0.218508
0.214213
0.209525
0.204482
0.199121
0.193486
0.18762
0.181568
0.175377
0.169091
0.162758
0.15642
0.15012
0.143898
0.137791
0.131834
0.126057
0.120487
0.115148
0.11006
0.105238
0.0999974
0.0956889
0.0916154
0.0877829
0.0841942
0.0808497
0.0777472
0.0748824
0.0722491
0.0698395
0.0676442
0.0656531
0.0638552
0.0622387
0.0607921
0.0595035
0.0583614
0.0573549
0.0564734
0.0557074
0.0550484
0.0544887
0.054022
0.0536432
0.0533484
0.0531351
0.0530022
0.0529498
0.0529792
0.0530932
0.0532953
0.0535904
0.053984
0.0544824
0.0550925
0.0558217
0.0566774
0.0576672
0.0587981
0.0600772
0.0615102
0.0631025
0.0648578
0.0667786
0.0688656
0.0711176
0.0735313
0.076101
0.0788185
0.081673
0.0846511
0.0877367
0.0909107
0.0941519
0.0974362
0.100738
0.104028
0.107278
0.110457
0.113533
0.116474
0.11925
0.121829
0.124182
0.126282
0.128104
0.129627
0.130831
0.131702
0.132229
0.132406

0.26767
0.267347
0.266383
0.264781
0.262555
0.259717
0.256288
0.252291
0.247756
0.242715
0.237205
0.231269
0.224952
0.218302
0.21137
0.20421
0.196876
0.189422
0.181903
0.174371
0.166877
0.159469
0.152191
0.145085
0.138186
0.131528
0.125138
0.11904
0.113253
0.107791
0.101925
0.0971001
0.0925537
0.0882909
0.0843133
0.0806196
0.0772059
0.0740662
0.071192
0.0685736
0.0661998
0.0640582
0.0621361
0.0604201
0.0588971
0.0575538
0.0563778
0.055357
0.0544804
0.0537381
0.0531211
0.0526219
0.0522345
0.0519541
0.0517776
0.0517032
0.0517306
0.0518611
0.0520971
0.0524426
0.0529023
0.0534823
0.0541894
0.0550312
0.0560155
0.0571506
0.0584447
0.0599059
0.0615416
0.0633585
0.0653621
0.0675566
0.0699446
0.0725264
0.0753004
0.0782623
0.081405
0.0847187
0.0881902
0.0918034
0.0955389
0.0993742
0.103284
0.107239
0.111209
0.115161
0.119059
0.122868
0.12655
0.130067
0.133384
0.136463
0.139271
0.141775
0.143948
0.145762
0.147196
0.148233
0.148861
0.149071

0.303208
0.302839
0.301734
0.299898
0.297343
0.294083
0.290138
0.285534
0.2803
0.274473
0.268092
0.261205
0.253863
0.24612
0.238036
0.229672
0.221093
0.212361
0.203541
0.194696
0.185885
0.177167
0.168594
0.160216
0.152075
0.144212
0.13666
0.129445
0.122591
0.116115
0.11003
0.104344
0.0982147
0.093228
0.0885711
0.0842437
0.0802424
0.076561
0.0731907
0.0701209
0.0673391
0.0648317
0.0625842
0.0605817
0.0588089
0.057251
0.0558935
0.0547227
0.0537259
0.0528915
0.0522093
0.0516706
0.0512682
0.0509967
0.0508522
0.0508326
0.0509374
0.0511678
0.0515264
0.0520176
0.0526467
0.0534203
0.0543463
0.055433
0.0566893
0.0581247
0.0597484
0.0615695
0.0635964
0.0658366
0.0682963
0.0709802
0.0738907
0.077028
0.0803898
0.0839706
0.0877616
0.0917507
0.0959222
0.100257
0.104731
0.109317
0.113986
0.118703
0.123433
0.128135
0.132768
0.13729
0.141658
0.145827
0.149754
0.153398
0.156718
0.159678
0.162244
0.164386
0.166079
0.167302
0.168043
0.16829

0.341909
0.341494
0.340253
0.338189
0.335313
0.331638
0.327183
0.321972
0.316035
0.309408
0.302134
0.294264
0.285852
0.276962
0.267658
0.258011
0.248097
0.237987
0.227759
0.217486
0.20724
0.197088
0.187096
0.17732
0.167814
0.158625
0.149791
0.141346
0.133318
0.125726
0.118586
0.111906
0.105691
0.0990142
0.0936288
0.0886219
0.0839906
0.0797286
0.0758268
0.0722735
0.0690551
0.0661562
0.0635605
0.061251
0.0592106
0.0574221
0.0558691
0.0545358
0.0534078
0.0524717
0.0517159
0.0511304
0.0507071
0.0504396
0.0503236
0.0503566
0.0505382
0.0508698
0.0513544
0.0519969
0.0528036
0.0537823
0.0549416
0.0562915
0.0578422
0.0596045
0.0615891
0.0638064
0.0662661
0.0689767
0.0719451
0.0751765
0.0786733
0.0824355
0.0864596
0.0907388
0.0952622
0.100015
0.104978
0.110128
0.115436
0.120872
0.126398
0.131975
0.13756
0.143106
0.148565
0.153887
0.159023
0.16392
0.16853
0.172803
0.176694
0.180161
0.183164
0.18567
0.18765
0.18908
0.189946
0.190235

0.383261
0.382807
0.381445
0.379179
0.376016
0.371964
0.36704
0.361262
0.354657
0.347261
0.339115
0.33027
0.320786
0.310728
0.30017
0.289192
0.277879
0.266315
0.254589
0.242788
0.230997
0.219297
0.207764
0.196468
0.185472
0.174833
0.164597
0.154805
0.145489
0.136674
0.128377
0.12061
0.113377
0.106678
0.0994885
0.0937539
0.0884475
0.0835634
0.0790918
0.0750201
0.0713332
0.0680142
0.0650446
0.0624053
0.0600768
0.0580397
0.0562753
0.0547656
0.0534942
0.052446
0.0516078
0.0509683
0.0505183
0.0502507
0.0501608
0.0502459
0.0505058
0.0509421
0.0515588
0.0523615
0.0533577
0.0545565
0.0559683
0.0576043
0.0594769
0.0615984
0.0639812
0.0666375
0.0695783
0.0728133
0.0763505
0.0801952
0.08435
0.0888143
0.0935833
0.0986483
0.103996
0.109608
0.115461
0.121527
0.127773
0.13416
0.140647
0.147184
0.153723
0.160209
0.166586
0.172797
0.178783
0.184486
0.189848
0.194814
0.199333
0.203355
0.206838
0.209742
0.212036
0.213693
0.214695
0.21503

0.426397
0.425915
0.424466
0.422051
0.418671
0.414327
0.409026
0.40278
0.395606
0.387534
0.3786
0.368852
0.358349
0.347162
0.335369
0.323058
0.310323
0.297264
0.283982
0.27058
0.257156
0.243808
0.230626
0.217696
0.205092
0.192882
0.181124
0.169866
0.159148
0.149
0.139442
0.130489
0.122146
0.114413
0.107285
0.100752
0.093608
0.0880581
0.0829763
0.078349
0.0741597
0.0703896
0.0670182
0.064024
0.061385
0.0590795
0.0570862
0.0553851
0.0539573
0.0527859
0.0518562
0.0511555
0.0506735
0.0504026
0.0503375
0.0504757
0.0508171
0.0513641
0.0521215
0.0530961
0.0542971
0.0557351
0.0574223
0.0593722
0.0615989
0.0641171
0.0669412
0.0700851
0.0735616
0.0773818
0.0815543
0.0860852
0.0909768
0.0962273
0.101831
0.107776
0.114046
0.120618
0.127466
0.134554
0.141843
0.149288
0.156839
0.164439
0.172032
0.179553
0.186939
0.194123
0.201039
0.207619
0.2138
0.219519
0.224717
0.229341
0.233341
0.236674
0.239306
0.241206
0.242354
0.242739

0.469994
0.469502
0.468023
0.465551
0.462076
0.457588
0.452078
0.445542
0.437985
0.429419
0.41987
0.40938
0.398001
0.385803
0.372868
0.359291
0.345177
0.330637
0.315788
0.30075
0.28564
0.270573
0.255658
0.240995
0.226677
0.212786
0.199392
0.186555
0.174321
0.162729
0.151804
0.141564
0.132017
0.123163
0.114997
0.107505
0.100673
0.0932029
0.0874694
0.0822479
0.0775205
0.0732667
0.0694639
0.0660881
0.0631149
0.0605198
0.0582792
0.0563703
0.0547724
0.0534666
0.0524361
0.0516672
0.0511486
0.0508718
0.0508315
0.0510251
0.0514531
0.0521188
0.0530281
0.0541893
0.0556134
0.057313
0.0593026
0.0615979
0.0642157
0.0671729
0.0704863
0.0741719
0.0782443
0.082716
0.0875967
0.0928923
0.098605
0.104732
0.111264
0.118188
0.125483
0.133121
0.14107
0.149287
0.157727
0.166335
0.175054
0.183818
0.192559
0.201207
0.209687
0.217923
0.22584
0.233364
0.240422
0.246945
0.252867
0.25813
0.262679
0.266864
0.270356
0.272889
0.274424
0.274939

0.512168
0.511696
0.510275
0.507888
0.50451
0.500111
0.494658
0.488122
0.480481
0.471725
0.46186
0.450908
0.438913
0.425936
0.412058
0.39738
0.382013
0.366085
0.349728
0.33308
0.316281
0.299466
0.282766
0.266302
0.250188
0.234522
0.219391
0.204867
0.191011
0.177869
0.165473
0.153847
0.143
0.132936
0.123647
0.115122
0.107341
0.100281
0.092557
0.0867023
0.0814006
0.0766297
0.072365
0.0685799
0.0652476
0.062341
0.0598336
0.0577005
0.0559183
0.0544663
0.053326
0.0524822
0.0519227
0.0516384
0.0516239
0.0518768
0.0523983
0.0531926
0.0542671
0.0556321
0.0573005
0.0592872
0.0616095
0.0642857
0.0673353
0.070778
0.0746331
0.0789191
0.0836522
0.0888466
0.0945125
0.100656
0.107278
0.114375
0.121935
0.129939
0.138363
0.147173
0.156329
0.165782
0.175477
0.185351
0.195335
0.205356
0.215335
0.225191
0.234839
0.244196
0.253176
0.261697
0.270883
0.279666
0.287745
0.29501
0.301356
0.306689
0.310927
0.314003
0.315869
0.316495

0.550377
0.549969
0.548734
0.546642
0.543643
0.539676
0.534673
0.528566
0.521294
0.51281
0.503084
0.492112
0.479914
0.466538
0.452057
0.43657
0.420199
0.40308
0.385367
0.367217
0.348796
0.330263
0.311778
0.293486
0.275525
0.258016
0.241067
0.224768
0.209194
0.194403
0.180439
0.167329
0.15509
0.143727
0.133234
0.123597
0.114797
0.106807
0.0995975
0.0916949
0.085783
0.0804616
0.0757041
0.0714819
0.0677653
0.0645246
0.0617309
0.0593565
0.0573759
0.0557661
0.0545071
0.0535822
0.0529782
0.0526857
0.052699
0.0530163
0.0536395
0.0545741
0.0558293
0.0574174
0.0593536
0.0616558
0.0643439
0.0674394
0.0709649
0.0749429
0.0793957
0.084344
0.0898063
0.0957977
0.102329
0.109407
0.11703
0.125191
0.133877
0.143063
0.15272
0.162806
0.173272
0.184062
0.195111
0.206344
0.217683
0.229044
0.240337
0.251469
0.262337
0.274831
0.287061
0.298893
0.310183
0.320788
0.330563
0.339369
0.347073
0.353555
0.358713
0.36246
0.364734
0.365496

0.581364
0.58108
0.580209
0.5787
0.57647
0.573413
0.569409
0.564335
0.558072
0.550516
0.541588
0.531236
0.519446
0.506238
0.491671
0.475836
0.458858
0.440886
0.422091
0.402655
0.382771
0.362632
0.342427
0.322335
0.302522
0.283141
0.264323
0.246182
0.228813
0.212289
0.196667
0.181985
0.168266
0.155518
0.14374
0.132917
0.123027
0.114043
0.10593
0.0986522
0.0906474
0.0847431
0.0794627
0.0747757
0.0706498
0.0670529
0.0639533
0.0613209
0.0591278
0.057349
0.0559627
0.0549509
0.0542996
0.0539989
0.0540431
0.0544309
0.0551654
0.0562536
0.0577065
0.0595387
0.0617684
0.0644164
0.0675057
0.0710613
0.0751091
0.0796748
0.0847835
0.0904586
0.0967202
0.103585
0.111064
0.119161
0.127876
0.137198
0.147106
0.157574
0.168561
0.180021
0.191895
0.204114
0.216604
0.229279
0.242048
0.254816
0.268423
0.283469
0.298542
0.3135
0.328185
0.34243
0.356059
0.368891
0.380745
0.391443
0.400818
0.408718
0.41501
0.419585
0.422363
0.423295

0.601164
0.601082
0.600809
0.600262
0.599314
0.597798
0.595524
0.592289
0.587892
0.582152
0.574914
0.566062
0.555526
0.543285
0.529366
0.513848
0.496851
0.478534
0.459084
0.438714
0.417647
0.396114
0.374341
0.352548
0.33094
0.309705
0.289007
0.26899
0.249772
0.231451
0.214098
0.197766
0.182487
0.168278
0.155138
0.143055
0.132008
0.121966
0.112893
0.104747
0.0959698
0.0894517
0.0836198
0.0784415
0.0738823
0.0699076
0.0664832
0.0635765
0.0611574
0.0591989
0.0576774
0.0565736
0.0558728
0.0555646
0.0556436
0.0561093
0.0569657
0.0582217
0.0598906
0.0619895
0.0645397
0.0675651
0.0710926
0.0751505
0.0797683
0.0849753
0.0907993
0.0972663
0.104398
0.112212
0.120719
0.129922
0.139817
0.150389
0.161614
0.173455
0.185865
0.198788
0.212153
0.225882
0.239885
0.254068
0.269423
0.28672
0.304394
0.322313
0.340324
0.358255
0.375915
0.393095
0.409576
0.425132
0.439533
0.452557
0.46399
0.473638
0.481331
0.48693
0.490332
0.491473

0.605246
0.605464
0.606075
0.606963
0.607936
0.608751
0.609122
0.608743
0.607305
0.604518
0.600126
0.593921
0.585754
0.575539
0.56326
0.548964
0.53276
0.514811
0.495322
0.474533
0.452706
0.430115
0.407034
0.383731
0.360459
0.337449
0.31491
0.293022
0.271937
0.251779
0.232643
0.214599
0.197694
0.181953
0.167382
0.153974
0.141706
0.130547
0.120457
0.111393
0.103304
0.0945612
0.0881513
0.082457
0.077442
0.0730692
0.0693022
0.066106
0.0634483
0.0613
0.0596361
0.058436
0.0576841
0.05737
0.0574886
0.0580399
0.0590298
0.0604688
0.0623726
0.0647616
0.0676599
0.0710954
0.0750985
0.0797015
0.0849374
0.0908391
0.0974375
0.104761
0.112832
0.121669
0.131282
0.141673
0.152831
0.164739
0.177363
0.190661
0.204574
0.219035
0.233962
0.249263
0.265243
0.284299
0.304109
0.324572
0.345559
0.366915
0.388457
0.409976
0.431236
0.451981
0.471939
0.490824
0.508349
0.52423
0.538197
0.550001
0.559425
0.56629
0.570464
0.571864

0.588876
0.589504
0.591331
0.594194
0.597828
0.601893
0.605985
0.609668
0.612496
0.61404
0.613908
0.611771
0.607367
0.600522
0.591149
0.579248
0.564902
0.548269
0.529568
0.509069
0.487075
0.46391
0.439906
0.41539
0.390673
0.366044
0.341764
0.318061
0.295129
0.273127
0.252181
0.232384
0.213802
0.196473
0.180413
0.165619
0.152072
0.139741
0.128585
0.118554
0.109597
0.101657
0.0930289
0.0867966
0.0813054
0.0765162
0.0723904
0.0688908
0.065983
0.063636
0.0618233
0.0605233
0.0597197
0.0594019
0.0595652
0.0602108
0.0613459
0.0629835
0.0651417
0.0678441
0.0711184
0.0749963
0.0795122
0.0847023
0.0906036
0.0972522
0.104682
0.112923
0.122
0.13193
0.142722
0.154374
0.166872
0.18019
0.194289
0.209113
0.224596
0.240655
0.257195
0.276397
0.2977
0.320065
0.34341
0.367619
0.392546
0.418007
0.443784
0.469623
0.495236
0.520307
0.544496
0.567446
0.588795
0.608183
0.625266
0.639726
0.651285
0.659713
0.664841
0.666562

0.547808
0.548959
0.552337
0.557728
0.564789
0.573066
0.582025
0.591078
0.599614
0.607035
0.612782
0.616363
0.617373
0.61551
0.610587
0.602529
0.591372
0.577256
0.560405
0.541115
0.519735
0.496647
0.472249
0.446939
0.421101
0.395094
0.369244
0.343839
0.319127
0.295313
0.27256
0.250994
0.230703
0.211746
0.19415
0.177922
0.163048
0.149497
0.137227
0.126188
0.116322
0.107569
0.0998664
0.0914307
0.0854458
0.0802243
0.0757255
0.0719103
0.0687423
0.0661891
0.0642224
0.0628198
0.0619644
0.0616456
0.0618594
0.062608
0.0639004
0.065752
0.0681838
0.0712226
0.0749001
0.0792517
0.0843161
0.0901337
0.0967452
0.10419
0.112505
0.121721
0.131864
0.142951
0.154987
0.167966
0.181868
0.196661
0.212293
0.228699
0.245799
0.263653
0.285698
0.309173
0.334055
0.360287
0.387783
0.416413
0.44601
0.47636
0.507202
0.53823
0.569091
0.599397
0.628724
0.656625
0.682643
0.706323
0.727226
0.744948
0.759133
0.769486
0.775788
0.777904

0.479452
0.481212
0.486404
0.494769
0.505887
0.519203
0.534051
0.549688
0.565326
0.580177
0.593482
0.60455
0.612789
0.617726
0.619029
0.616511
0.61013
0.59998
0.586278
0.569338
0.549555
0.527372
0.503264
0.477713
0.45119
0.424139
0.396969
0.370042
0.343671
0.318119
0.293598
0.270274
0.248268
0.22766
0.208498
0.1908
0.174558
0.159747
0.146325
0.13424
0.123431
0.113832
0.105377
0.096325
0.0898324
0.0841654
0.079282
0.0751412
0.071705
0.0689392
0.0668146
0.0653077
0.0644012
0.0640847
0.0643547
0.0652151
0.0666767
0.0687571
0.0714808
0.074878
0.0789841
0.083839
0.0894853
0.0959677
0.10333
0.111616
0.120864
0.131107
0.14237
0.154667
0.168002
0.182363
0.197723
0.214038
0.231247
0.249272
0.269073
0.292809
0.318303
0.34557
0.374595
0.405327
0.437676
0.471502
0.506614
0.542763
0.579639
0.616874
0.65404
0.690655
0.726195
0.760099
0.791794
0.820702
0.846269
0.867977
0.885374
0.898084
0.905825
0.908425

0.384646
0.387031
0.394091
0.405547
0.42094
0.439656
0.460939
0.483925
0.507671
0.531197
0.553529
0.573742
0.591006
0.604622
0.614055
0.618947
0.619131
0.614616
0.605583
0.592346
0.575338
0.555066
0.532091
0.506989
0.480336
0.452677
0.424519
0.396316
0.368464
0.341295
0.315085
0.290047
0.266342
0.244084
0.223342
0.204152
0.186516
0.170415
0.155811
0.14265
0.130869
0.120398
0.111165
0.103096
0.0944296
0.0883077
0.0830309
0.0785571
0.0748465
0.0718638
0.0695785
0.0679665
0.0670102
0.0666995
0.0670319
0.0680125
0.0696542
0.0719776
0.07501
0.0787855
0.0833436
0.0887282
0.0949863
0.102166
0.110317
0.119483
0.129705
0.141017
0.153444
0.166997
0.181674
0.197457
0.214311
0.23218
0.250992
0.272273
0.297462
0.324738
0.354163
0.385773
0.419568
0.455508
0.493502
0.533402
0.574991
0.617983
0.662012
0.706635
0.751331
0.795509
0.838517
0.879658
0.918208
0.953441
0.984656
1.0112
1.03249
1.04806
1.05755
1.06074

0.27011
0.272987
0.281539
0.295525
0.314542
0.338024
0.365242
0.395317
0.427229
0.459858
0.492024
0.522543
0.550296
0.574283
0.593682
0.607886
0.616521
0.619455
0.616776
0.608772
0.595892
0.578703
0.557851
0.534022
0.507907
0.480173
0.451443
0.422282
0.393184
0.364569
0.336786
0.31011
0.284753
0.260866
0.238551
0.217862
0.19882
0.181412
0.165605
0.151346
0.138572
0.127208
0.117178
0.108403
0.100803
0.0926147
0.0869392
0.0821276
0.0781389
0.0749366
0.0724894
0.0707726
0.0697685
0.0694675
0.0698679
0.0709765
0.0728086
0.0753872
0.0787433
0.0829145
0.0879445
0.0938814
0.100776
0.108682
0.11765
0.127727
0.138957
0.151372
0.164996
0.179836
0.195885
0.213116
0.231484
0.250922
0.27313
0.299474
0.32822
0.359484
0.393359
0.429909
0.469159
0.511086
0.555604
0.602558
0.651706
0.70272
0.75517
0.808525
0.862151
0.915325
0.967237
1.01702
1.06377
1.10658
1.14456
1.17689
1.20285
1.22185
1.23343
1.23732

0.151376
0.15436
0.163289
0.178073
0.198542
0.224399
0.255178
0.290206
0.328577
0.369158
0.410626
0.451541
0.490434
0.525914
0.556755
0.581972
0.600876
0.613086
0.618526
0.617395
0.610124
0.597317
0.579704
0.558085
0.533279
0.506093
0.477285
0.447548
0.417495
0.38765
0.35845
0.330245
0.303309
0.277841
0.253978
0.231804
0.211356
0.192635
0.175616
0.160248
0.146468
0.134198
0.123358
0.113864
0.10563
0.0970456
0.0909697
0.0858186
0.0815505
0.0781281
0.0755193
0.073699
0.0726497
0.0723621
0.0728359
0.0740795
0.0761104
0.0789547
0.0826466
0.0872277
0.0927457
0.0992528
0.106804
0.115456
0.125263
0.136275
0.148535
0.162076
0.176917
0.193063
0.210498
0.229187
0.249072
0.271616
0.298767
0.328606
0.361305
0.397022
0.435892
0.478019
0.523461
0.572217
0.624215
0.679295
0.737195
0.797537
0.859816
0.923397
0.987514
1.05128
1.11369
1.17367
1.23009
1.28183
1.32778
1.36693
1.39837
1.42139
1.43542
1.44014

0.0554955
0.0578271
0.0649123
0.0770022
0.0944471
0.117589
0.146637
0.181526
0.221814
0.266614
0.314617
0.364167
0.413397
0.460397
0.503375
0.540793
0.571467
0.594618
0.609881
0.617273
0.617139
0.610089
0.596914
0.578523
0.555877
0.529932
0.501602
0.471728
0.441059
0.410241
0.379817
0.350225
0.321811
0.294831
0.269467
0.245836
0.224
0.203976
0.185747
0.169269
0.154478
0.141298
0.129642
0.119422
0.110548
0.102931
0.0950809
0.0895919
0.0850459
0.0814048
0.0786363
0.0767149
0.0756233
0.075353
0.0759048
0.0772891
0.0795255
0.0826434
0.0866802
0.0916814
0.0976985
0.104788
0.113009
0.122421
0.133081
0.145041
0.158343
0.173019
0.189085
0.20654
0.225359
0.245497
0.267795
0.295372
0.32588
0.359547
0.396598
0.437243
0.481671
0.530035
0.582437
0.638911
0.699405
0.763761
0.831693
0.902769
0.976399
1.05182
1.12811
1.20416
1.27876
1.35057
1.4182
1.48024
1.53535
1.5823
1.62001
1.64759
1.66441
1.67005

0.0217419
0.0221992
0.0238581
0.027551
0.0345392
0.0463355
0.0644368
0.0900272
0.123706
0.165297
0.213797
0.267457
0.323985
0.380802
0.435326
0.485214
0.528537
0.563895
0.590445
0.60788
0.616362
0.616433
0.608915
0.594809
0.575213
0.551246
0.523993
0.49446
0.463551
0.432052
0.400627
0.369816
0.340047
0.311647
0.284849
0.259809
0.236618
0.215313
0.19589
0.178312
0.162517
0.14843
0.135961
0.125016
0.115501
0.107322
0.0992276
0.0934056
0.0885859
0.08473
0.0818051
0.079786
0.0786555
0.078406
0.0790397
0.0805687
0.0830153
0.0864116
0.0907986
0.0962255
0.102748
0.110426
0.119322
0.129499
0.141016
0.153925
0.16827
0.184079
0.201363
0.220114
0.240299
0.26186
0.289428
0.320156
0.354285
0.392101
0.433892
0.479934
0.530479
0.585744
0.645887
0.710989
0.781027
0.855848
0.935144
1.01842
1.10499
1.19393
1.2841
1.37418
1.46265
1.54785
1.62809
1.70165
1.76692
1.82244
1.86695
1.89946
1.91926
1.9259

0.0969092
0.0939062
0.0854338
0.073085
0.059399
0.0476309
0.041338
0.0438315
0.0576268
0.0839994
0.12278
0.172403
0.230181
0.292718
0.356367
0.417639
0.473522
0.52168
0.560531
0.589239
0.607633
0.616086
0.615385
0.606593
0.590934
0.569691
0.544127
0.515431
0.484679
0.452812
0.420628
0.388787
0.35781
0.328101
0.299953
0.273567
0.24907
0.226521
0.205933
0.187276
0.170495
0.155514
0.142241
0.130581
0.120432
0.111695
0.103361
0.0972146
0.0921282
0.0880633
0.0849871
0.0828744
0.0817087
0.0814832
0.0822015
0.0838776
0.0865364
0.0902128
0.0949512
0.100804
0.107831
0.116096
0.125665
0.136603
0.148971
0.162821
0.178196
0.19512
0.213601
0.233621
0.255137
0.281175
0.311671
0.34574
0.383727
0.425987
0.47288
0.524758
0.581955
0.644761
0.713408
0.788032
0.868651
0.955123
1.04711
1.14405
1.24512
1.34921
1.45493
1.56063
1.66444
1.76432
1.8582
1.94403
2.01991
2.08418
2.13551
2.17287
2.19555
2.20316

0.319877
0.312015
0.289114
0.253311
0.20832
0.159355
0.112675
0.0747279
0.0511284
0.0457442
0.0601421
0.0935037
0.142963
0.204221
0.272276
0.342096
0.409151
0.469764
0.521265
0.562012
0.591292
0.60917
0.6163
0.613756
0.602858
0.585045
0.561764
0.534393
0.504194
0.472276
0.43959
0.406919
0.374893
0.344001
0.314603
0.286952
0.261212
0.23747
0.215757
0.196056
0.178317
0.162464
0.148408
0.136048
0.125278
0.115996
0.108099
0.100971
0.0956277
0.0913618
0.0881408
0.0859397
0.0847426
0.0845438
0.0853481
0.0871717
0.0900418
0.0939962
0.0990826
0.105357
0.112883
0.121726
0.131957
0.143642
0.156844
0.171614
0.187993
0.206003
0.225643
0.246889
0.27093
0.300763
0.334268
0.371835
0.413878
0.460831
0.513138
0.571243
0.635571
0.706503
0.784354
0.869334
0.961506
1.06074
1.16667
1.27864
1.39564
1.51634
1.639
1.76158
1.88173
1.99695
2.10469
2.20256
2.28842
2.36054
2.41764
2.45887
2.48376
2.49208

0.689557
0.677063
0.639879
0.579323
0.498705
0.404094
0.30424
0.209473
0.129936
0.073768
0.0458102
0.0471241
0.0752866
0.125264
0.190512
0.264057
0.339369
0.410942
0.474592
0.527522
0.568213
0.596227
0.611967
0.616432
0.610998
0.597236
0.576771
0.551176
0.521903
0.490243
0.457305
0.42401
0.391103
0.359163
0.328627
0.299803
0.272897
0.248027
0.225244
0.204544
0.185885
0.169195
0.154383
0.141347
0.129979
0.120168
0.111809
0.104625
0.0990372
0.0945806
0.0912228
0.0889391
0.0877145
0.0875442
0.0884346
0.0904039
0.0934815
0.0977081
0.103134
0.10982
0.11783
0.127236
0.138109
0.150518
0.164525
0.180183
0.197529
0.21658
0.23733
0.259743
0.287848
0.320323
0.356917
0.398087
0.444328
0.496162
0.554127
0.618769
0.690618
0.770162
0.857812
0.953861
1.05842
1.17139
1.29233
1.42047
1.55458
1.69299
1.83353
1.97359
2.11023
2.24032
2.36077
2.46879
2.56211
2.63916
2.69909
2.74167
2.76705
2.77547

1.1166
1.10396
1.06451
0.995033
0.893729
0.763354
0.612674
0.45551
0.307906
0.18466
0.096471
0.0484521
0.0401042
0.0663942
0.119385
0.189917
0.269011
0.348822
0.423171
0.4877
0.539771
0.578216
0.603025
0.615021
0.615572
0.606348
0.589137
0.565698
0.53768
0.506556
0.473601
0.43988
0.406258
0.373414
0.34186
0.311966
0.283982
0.25806
0.234272
0.212631
0.193102
0.175618
0.160088
0.14641
0.13447
0.124156
0.115356
0.108126
0.102309
0.0976736
0.0941881
0.0918284
0.0905801
0.0904396
0.0914147
0.0935254
0.0968036
0.101292
0.107045
0.114125
0.122601
0.132545
0.144031
0.15713
0.171905
0.188406
0.206669
0.226704
0.248498
0.273389
0.304428
0.339557
0.379265
0.424085
0.474595
0.531413
0.595183
0.666563
0.7462
0.834699
0.932582
1.04023
1.15781
1.28522
1.42197
1.56708
1.71904
1.87571
2.03432
2.19151
2.34348
2.48628
2.61612
2.72979
2.82509
2.90101
2.9578
2.99662
3.01905
3.02636

1.38432
1.38298
1.37324
1.3407
1.26935
1.14949
0.983018
0.783976
0.574723
0.379715
0.219595
0.107422
0.0475759
0.0368574
0.0667789
0.126139
0.203237
0.28745
0.37013
0.444932
0.507756
0.556451
0.59041
0.610163
0.616992
0.61262
0.598967
0.57797
0.551465
0.521108
0.488341
0.454375
0.420199
0.386591
0.354144
0.323291
0.294327
0.26744
0.242725
0.22021
0.199871
0.181646
0.165445
0.151165
0.13869
0.127903
0.11869
0.110938
0.105394
0.100594
0.0969918
0.0945631
0.0932949
0.0931844
0.0942412
0.0964868
0.0999553
0.104692
0.110754
0.118206
0.127119
0.13757
0.149632
0.163379
0.178872
0.196161
0.215277
0.236227
0.25899
0.287134
0.320391
0.358135
0.400921
0.449362
0.504127
0.565932
0.635535
0.713714
0.801242
0.898851
1.00718
1.1267
1.25765
1.39989
1.55282
1.71523
1.88519
2.05993
2.23583
2.40848
2.57291
2.72398
2.85693
2.96812
3.05567
3.11985
3.16308
3.18931
3.20281
3.2069

1.20197
1.22766
1.29361
1.36982
1.41685
1.3993
1.29857
1.11935
0.886978
0.637859
0.408053
0.224674
0.102096
0.0424346
0.0385993
0.0781483
0.146766
0.230789
0.318711
0.401812
0.474203
0.532488
0.575285
0.602696
0.615834
0.616419
0.606471
0.588081
0.56326
0.53384
0.501425
0.46737
0.432785
0.398549
0.365335
0.333638
0.3038
0.276043
0.250487
0.227177
0.206099
0.187195
0.170379
0.155546
0.142578
0.131357
0.121762
0.113679
0.108247
0.103298
0.0995896
0.0970995
0.0958147
0.0957337
0.0968674
0.099239
0.102884
0.107852
0.114199
0.121995
0.131313
0.14223
0.154824
0.169165
0.185318
0.203329
0.223225
0.24501
0.268987
0.300058
0.335443
0.375703
0.421462
0.473413
0.532317
0.598993
0.674315
0.759185
0.85451
0.961151
1.07987
1.21123
1.35551
1.51253
1.68154
1.861
2.04839
2.24012
2.43141
2.61638
2.78839
2.9406
3.06691
3.16313
3.22806
3.26431
3.27818
3.27842
3.27402
3.27172

0.50326
0.55354
0.697827
0.911409
1.14472
1.33067
1.4089
1.35143
1.17199
0.91562
0.638449
0.389396
0.200171
0.0836044
0.0372943
0.0492207
0.103052
0.182124
0.271851
0.360858
0.44119
0.507992
0.558936
0.593582
0.612789
0.618216
0.611944
0.596192
0.573125
0.544738
0.512788
0.478766
0.443899
0.409161
0.375303
0.342879
0.312278
0.283755
0.257454
0.233436
0.211697
0.192185
0.174818
0.159488
0.146079
0.134466
0.124528
0.116145
0.110822
0.105741
0.101939
0.0993954
0.0980972
0.0980443
0.0992485
0.101735
0.105541
0.110717
0.117323
0.125429
0.135111
0.146449
0.15952
0.174396
0.19114
0.209797
0.230391
0.252918
0.279164
0.31191
0.349282
0.391897
0.440449
0.495708
0.558524
0.629823
0.710589
0.801853
0.904651
1.01998
1.14871
1.2915
1.44865
1.61993
1.80434
1.99993
2.20344
2.41019
2.61386
2.8066
2.97947
3.12326
3.22996
3.29466
3.31752
3.30505
3.26986
3.22814
3.19561
3.18344

0.0406614
0.0401428
0.0761311
0.224362
0.516542
0.888921
1.21433
1.38186
1.35213
1.15889
0.876029
0.580697
0.330169
0.154692
0.0609122
0.0396269
0.0735997
0.143536
0.231793
0.324214
0.410626
0.484571
0.542662
0.583826
0.6086
0.618535
0.615732
0.602507
0.581158
0.553822
0.522394
0.488491
0.453444
0.418317
0.383932
0.350899
0.31965
0.29047
0.263527
0.238896
0.216584
0.196544
0.178696
0.162933
0.149138
0.137184
0.126945
0.118301
0.113078
0.107883
0.104001
0.101412
0.100103
0.100076
0.101343
0.10393
0.107877
0.113236
0.120069
0.128447
0.138449
0.150154
0.163641
0.178984
0.196243
0.215461
0.23666
0.259831
0.288189
0.322443
0.361608
0.406355
0.457441
0.51571
0.582099
0.657629
0.743397
0.840551
0.950254
1.07362
1.21165
1.36506
1.53416
1.71863
1.91719
2.12735
2.34499
2.56405
2.7763
2.9714
3.13738
3.26193
3.33458
3.34987
3.31068
3.23055
3.13232
3.04207
2.98073
2.95932

1.46865
1.26544
0.760599
0.254053
0.0728718
0.308557
0.773367
1.1913
1.38453
1.32488
1.08589
0.772785
0.474382
0.244442
0.103024
0.0463424
0.0576268
0.115594
0.199815
0.293436
0.384075
0.463645
0.527665
0.574391
0.604004
0.617911
0.6182
0.607256
0.587483
0.561138
0.530233
0.496494
0.461344
0.425927
0.391125
0.3576
0.325819
0.296097
0.26862
0.243479
0.220687
0.200206
0.181954
0.165829
0.151709
0.139468
0.128978
0.120113
0.114978
0.109688
0.10574
0.103113
0.101797
0.101791
0.103112
0.105785
0.109852
0.115365
0.122389
0.130996
0.141266
0.15328
0.167118
0.182852
0.200542
0.22023
0.241934
0.265642
0.295871
0.331425
0.37214
0.418733
0.472018
0.532907
0.602412
0.681644
0.771797
0.87413
0.989918
1.12039
1.26664
1.42944
1.60911
1.80517
2.01607
2.2387
2.46795
2.69622
2.91308
3.10523
3.25713
3.35281
3.37926
3.33169
3.21994
3.07269
2.93316
2.84013
2.80201
2.79508

4.1729
4.0201
3.27817
1.87629
0.566197
0.056831
0.319444
0.87301
1.29052
1.40236
1.24521
0.941822
0.612674
0.337916
0.153692
0.063507
0.0522442
0.0973846
0.176188
0.26941
0.36266
0.446348
0.514964
0.566129
0.599672
0.616841
0.619698
0.610666
0.59223
0.566742
0.536308
0.502741
0.467543
0.431918
0.396803
0.362898
0.330704
0.300557
0.272661
0.247116
0.223946
0.203114
0.184543
0.16813
0.153753
0.141283
0.130593
0.121554
0.114048
0.111126
0.107126
0.10447
0.103147
0.10316
0.104524
0.107266
0.111428
0.117064
0.12424
0.13303
0.143513
0.155773
0.169888
0.185932
0.203964
0.224025
0.246128
0.27026
0.30204
0.338649
0.380623
0.42872
0.483799
0.54683
0.618887
0.701158
0.794919
0.901521
1.02234
1.15869
1.31174
1.48232
1.67072
1.87634
2.09728
2.32986
2.56796
2.8024
3.02047
3.20577
3.33903
3.40063
3.37586
3.26433
3.09321
2.92946
2.87333
3.00008
3.24533
3.37703

1.2439
2.1317
3.96888
3.93591
1.99363
0.399497
0.0894219
0.57765
1.14472
1.41446
1.34875
1.07087
0.726295
0.419223
0.20133
0.0836268
0.0531973
0.0869275
0.160374
0.252422
0.347066
0.433493
0.50535
0.559729
0.596159
0.615753
0.620531
0.612941
0.595522
0.570693
0.540632
0.507214
0.471998
0.436236
0.400903
0.36673
0.33424
0.303788
0.27559
0.249755
0.226311
0.205225
0.186423
0.1698
0.155236
0.142601
0.131765
0.122599
0.114983
0.112171
0.108134
0.105457
0.10413
0.104157
0.105552
0.108344
0.112575
0.118301
0.125588
0.13451
0.145148
0.157586
0.171903
0.188172
0.206452
0.226781
0.249174
0.273996
0.306554
0.343941
0.386845
0.436053
0.492462
0.55708
0.631035
0.715566
0.812017
0.921806
1.04638
1.18713
1.34527
1.52168
1.71661
1.92933
2.15769
2.39746
2.64165
2.8797
3.09685
3.27395
3.38844
3.41774
3.34735
3.18689
2.99829
2.93549
3.26892
4.28353
5.81253
6.65476

16.5714
5.22396
0.829947
4.10534
3.27817
1.01631
0.0937583
0.402502
1.0271
1.40042
1.40402
1.15072
0.800589
0.474404
0.235096
0.0993289
0.0560323
0.0818966
0.151447
0.242376
0.337631
0.425598
0.499371
0.555689
0.593883
0.614966
0.620932
0.614238
0.597455
0.573042
0.543219
0.509901
0.474681
0.438841
0.40338
0.369048
0.336381
0.305745
0.277365
0.251354
0.227744
0.206505
0.187562
0.170813
0.156136
0.143401
0.132476
0.123233
0.11555
0.112806
0.108746
0.106056
0.104728
0.104762
0.106176
0.108999
0.113272
0.119053
0.126407
0.135409
0.146142
0.158687
0.173127
0.189532
0.207962
0.228454
0.251021
0.27635
0.309307
0.347171
0.390645
0.440536
0.497762
0.563357
0.63848
0.724406
0.822517
0.934275
1.06117
1.20464
1.36594
1.54596
1.74492
1.96203
2.19492
2.43901
2.68672
2.92652
3.14223
3.31278
3.41335
3.41965
3.31876
3.13304
2.96932
3.11262
4.1804
7.2581
13.2137
17.7781

75.8642
26.7975
0.538944
3.55023
3.69903
1.31134
0.135875
0.350274
0.98383
1.39194
1.42102
1.17764
0.82639
0.493925
0.247281
0.105223
0.0573941
0.0804522
0.14858
0.239061
0.334478
0.422938
0.497343
0.554309
0.593095
0.614681
0.621049
0.614659
0.598092
0.573822
0.54408
0.510797
0.475577
0.439712
0.404209
0.369823
0.337098
0.306401
0.277959
0.251889
0.228224
0.206934
0.187944
0.171152
0.156437
0.143669
0.132714
0.123446
0.11574
0.113019
0.108951
0.106258
0.104928
0.104966
0.106386
0.109219
0.113506
0.119305
0.126681
0.135711
0.146475
0.159057
0.173537
0.189988
0.208468
0.229015
0.251641
0.27714
0.310232
0.348256
0.391923
0.442044
0.499545
0.565471
0.640989
0.727386
0.826058
0.938483
1.06616
1.21056
1.37293
1.55417
1.75449
1.97308
2.20749
2.45303
2.70188
2.94218
3.15724
3.3253
3.42074
3.41873
3.30733
3.11507
2.97136
3.23435
4.75882
9.461
21.5315
50.7874

